692 610
691 611
673 611
672 612
665 612
664 613
658 613
657 614
652 614
650 612
649 612
648 611
645 614
646 615
645 616
643 616
642 615
643 614
640 617
636 617
635 618
632 618
631 617
632 616
631 616
631 617
632 618
631 619
629 619
628 620
625 620
624 619
625 618
627 618
628 617
629 617
627 617
626 618
624 618
623 619
624 619
625 620
624 621
622 621
621 620
620 620
621 620
622 621
621 622
618 622
617 623
615 623
614 624
613 624
612 625
610 625
609 626
607 626
606 627
604 627
603 628
601 628
600 627
599 627
600 627
601 628
600 629
598 629
597 630
596 630
595 629
596 630
595 631
594 631
593 632
592 632
591 633
590 633
589 634
587 634
586 635
585 635
584 636
583 636
582 637
580 637
579 638
578 638
577 637
578 636
577 636
576 637
575 637
574 636
574 637
573 638
571 638
571 639
572 639
573 640
572 641
570 641
569 642
567 642
566 643
564 643
563 644
560 644
558 642
557 642
557 643
556 644
555 643
555 642
553 642
552 643
552 644
553 643
554 644
555 643
557 645
556 646
553 646
552 647
549 647
548 648
544 648
543 649
541 649
540 650
538 650
537 651
534 651
533 652
531 652
530 651
530 652
529 653
526 653
525 654
523 654
522 655
519 655
518 656
516 656
515 657
512 657
511 658
509 658
508 659
505 659
504 660
502 660
501 661
499 661
498 662
494 662
493 663
491 663
490 662
490 663
489 664
488 664
487 665
485 665
484 666
481 666
480 667
479 667
478 668
475 668
474 669
472 669
471 668
471 669
470 670
469 670
468 671
466 671
465 672
464 672
463 673
461 673
460 674
458 674
457 675
456 675
455 676
453 676
452 677
451 677
450 678
449 678
448 679
447 679
446 680
444 680
442 678
444 680
442 682
440 682
439 681
440 680
436 680
435 681
434 681
434 682
436 682
435 681
436 680
437 680
438 681
439 681
440 682
439 683
438 683
437 684
436 684
435 685
434 685
432 687
431 687
430 688
429 688
428 689
427 689
426 690
425 690
424 691
423 691
422 692
420 692
419 693
418 693
417 694
415 694
414 695
413 695
411 697
410 697
408 699
408 702
409 703
409 704
411 706
411 708
412 709
412 710
413 711
413 712
414 713
414 714
415 715
415 716
416 717
416 718
417 719
417 720
418 721
418 722
419 723
419 724
420 725
420 726
422 728
422 729
423 730
423 731
424 732
424 733
425 734
425 735
426 736
426 737
427 738
427 739
428 740
428 741
429 742
429 743
431 745
431 746
432 747
432 748
433 749
433 750
434 751
434 752
435 753
435 754
436 755
436 756
437 757
437 758
439 760
439 761
440 762
440 763
441 764
441 765
442 766
442 767
443 768
443 769
444 770
444 771
446 773
446 774
448 776
448 777
450 779
450 780
452 782
452 783
453 784
453 785
455 787
455 788
457 790
457 791
459 793
459 794
461 796
461 797
463 799
463 800
465 802
465 803
467 805
467 806
468 807
468 808
470 810
470 811
472 813
472 814
474 816
474 817
476 819
476 820
478 822
478 823
482 827
482 828
485 831
485 832
489 836
489 837
491 839
491 840
496 845
496 846
498 848
498 849
504 855
504 856
508 860
508 861
509 861
512 864
512 865
513 866
513 867
517 871
517 872
527 882
527 883
531 887
531 888
532 889
532 893
533 894
533 901
534 902
534 907
535 908
535 912
536 913
536 923
537 924
537 932
538 933
538 938
539 939
539 957
540 958
540 962
541 963
541 964
543 966
543 967
544 968
544 969
545 970
546 970
550 974
551 974
553 976
554 976
555 977
556 977
557 978
559 978
560 979
562 979
563 980
566 980
567 981
568 981
570 983
573 983
574 984
575 983
577 985
577 986
578 987
578 990
581 993
581 994
585 998
585 1001
587 1003
588 1003
589 1004
593 1004
594 1005
594 1008
597 1011
597 1013
599 1011
601 1013
599 1015
600 1015
601 1016
601 1017
602 1016
603 1017
603 1020
605 1022
609 1022
610 1023
610 1025
611 1026
611 1030
610 1031
606 1031
605 1032
604 1032
602 1034
601 1034
601 1035
600 1036
600 1037
599 1038
598 1038
598 1039
597 1040
597 1041
596 1042
596 1043
591 1048
591 1049
590 1050
589 1050
588 1051
588 1052
586 1054
586 1055
583 1058
583 1059
571 1071
571 1072
569 1074
568 1074
568 1075
566 1077
566 1078
563 1081
563 1082
562 1083
562 1084
560 1086
559 1086
555 1090
555 1091
554 1092
553 1092
553 1093
551 1095
550 1095
549 1096
549 1097
547 1099
540 1099
539 1100
529 1100
528 1101
522 1101
521 1102
520 1102
518 1104
517 1104
516 1105
515 1105
514 1106
512 1106
511 1107
508 1107
507 1108
504 1108
503 1107
498 1107
497 1108
494 1108
493 1109
490 1109
489 1110
479 1110
478 1109
473 1109
472 1110
470 1110
469 1111
468 1111
467 1112
457 1112
456 1113
455 1113
454 1114
452 1114
451 1115
450 1115
449 1116
447 1116
446 1117
445 1117
443 1119
442 1119
441 1120
439 1120
438 1121
436 1121
435 1122
434 1122
433 1123
432 1123
432 1124
430 1126
428 1126
427 1127
426 1127
426 1128
425 1129
423 1129
422 1130
421 1130
420 1131
418 1131
410 1139
410 1140
409 1141
409 1142
408 1143
407 1143
406 1144
405 1144
405 1145
399 1151
399 1152
398 1153
398 1154
397 1155
397 1156
393 1160
393 1162
392 1163
391 1163
391 1164
392 1165
391 1166
391 1168
390 1169
390 1171
387 1174
387 1175
386 1176
386 1177
385 1178
385 1182
384 1183
384 1184
383 1185
383 1186
382 1187
382 1190
381 1191
381 1193
380 1194
380 1195
379 1196
379 1198
378 1199
378 1201
377 1202
377 1205
376 1206
376 1209
375 1210
375 1212
374 1213
374 1216
373 1217
373 1220
372 1221
372 1223
371 1224
371 1226
370 1227
370 1229
369 1230
369 1234
368 1235
368 1241
367 1242
367 1243
366 1244
366 1246
365 1247
365 1249
364 1250
364 1255
363 1256
363 1260
362 1261
362 1263
361 1264
361 1267
360 1268
360 1276
359 1277
359 1291
358 1292
358 1293
357 1294
357 1295
356 1296
356 1316
355 1317
355 1339
354 1340
354 1372
355 1373
355 1375
356 1376
356 1378
357 1379
357 1383
358 1384
358 1388
359 1389
359 1394
360 1395
360 1398
361 1399
361 1404
362 1405
362 1409
363 1410
363 1419
364 1420
364 1426
365 1427
365 1431
367 1433
367 1439
368 1440
368 1444
369 1445
369 1451
370 1452
370 1456
371 1457
371 1463
372 1464
372 1471
373 1472
373 1476
374 1477
374 1483
375 1484
375 1488
376 1489
376 1494
377 1495
377 1499
378 1500
378 1504
379 1505
379 1508
380 1509
380 1514
381 1515
381 1520
382 1521
382 1527
383 1528
383 1533
384 1534
384 1538
385 1539
385 1542
386 1543
386 1547
387 1548
387 1551
388 1552
388 1556
389 1557
389 1560
390 1561
390 1564
391 1565
391 1569
392 1570
392 1574
393 1575
393 1579
394 1580
394 1584
395 1585
395 1589
396 1590
396 1593
397 1594
397 1597
398 1598
398 1601
399 1602
399 1605
400 1606
400 1608
401 1609
401 1611
402 1612
402 1614
403 1615
403 1617
404 1618
404 1620
405 1621
405 1623
406 1624
406 1626
407 1627
407 1628
408 1629
408 1632
409 1633
409 1634
410 1635
409 1636
410 1636
411 1637
411 1641
412 1642
412 1643
413 1644
413 1646
414 1647
414 1648
416 1650
416 1651
419 1654
419 1655
423 1659
424 1659
427 1662
428 1662
431 1665
432 1665
434 1667
435 1667
437 1669
441 1669
446 1674
448 1674
452 1678
453 1678
456 1681
457 1681
459 1683
459 1685
423 1721
423 1722
415 1730
415 1731
412 1734
412 1735
409 1738
409 1739
406 1742
406 1743
404 1745
404 1746
402 1748
402 1749
401 1750
401 1751
400 1752
400 1753
399 1754
399 1755
398 1756
398 1763
402 1767
404 1767
405 1768
406 1768
407 1769
407 1768
408 1767
415 1767
416 1766
417 1766
419 1764
420 1764
420 1763
424 1759
425 1759
431 1753
432 1753
437 1748
438 1748
439 1747
440 1747
441 1748
440 1749
441 1749
442 1750
441 1751
441 1755
442 1756
442 1757
441 1758
441 1760
440 1761
440 1762
441 1763
441 1767
440 1768
440 1776
439 1777
439 1780
440 1781
440 1783
439 1784
439 1789
440 1790
440 1793
441 1794
441 1815
440 1816
440 1817
439 1818
439 1819
438 1820
438 1823
437 1824
437 1827
436 1828
436 1831
435 1832
435 1835
434 1836
434 1841
435 1842
435 1851
434 1852
434 1853
433 1854
433 1855
432 1856
431 1855
428 1855
427 1856
425 1856
423 1858
422 1858
420 1860
420 1862
419 1863
419 1867
420 1868
420 1870
421 1871
421 1874
422 1875
422 1879
421 1880
421 1884
420 1885
420 1888
419 1889
419 1892
418 1893
418 1897
417 1898
417 1905
416 1906
416 1914
415 1915
415 1916
414 1917
414 1920
415 1921
415 1923
413 1925
412 1925
411 1926
409 1926
408 1927
407 1927
406 1928
405 1928
404 1929
402 1929
401 1930
400 1930
399 1931
397 1931
396 1932
393 1932
392 1933
390 1933
389 1934
386 1934
385 1935
384 1935
383 1936
382 1936
380 1938
379 1938
375 1942
375 1943
373 1945
373 1946
370 1949
370 1950
368 1952
368 1953
367 1954
367 1955
366 1956
366 1958
365 1959
365 1961
364 1962
364 1964
363 1965
363 1967
362 1968
362 1970
361 1971
361 1973
360 1974
360 1976
359 1977
359 1979
358 1980
357 1980
355 1982
354 1982
353 1983
352 1983
351 1984
350 1984
349 1985
348 1985
346 1987
345 1987
344 1988
343 1988
342 1989
341 1989
340 1990
339 1990
338 1991
337 1991
336 1992
335 1992
334 1993
333 1993
332 1994
331 1994
330 1995
329 1995
327 1997
326 1997
325 1998
324 1998
323 1999
322 1999
321 2000
320 2000
319 2001
318 2001
315 2004
314 2004
313 2005
312 2005
309 2008
308 2008
294 2022
294 2023
293 2024
293 2025
292 2026
292 2027
291 2028
291 2030
290 2031
290 2032
289 2033
289 2035
288 2036
288 2041
287 2042
287 2043
286 2044
286 2048
285 2049
285 2052
284 2053
284 2055
283 2056
283 2057
282 2058
281 2057
280 2058
280 2060
278 2062
278 2063
274 2067
274 2068
272 2070
271 2070
267 2074
266 2074
260 2080
259 2080
255 2084
254 2084
248 2090
247 2090
242 2095
241 2095
236 2100
235 2100
235 2101
234 2102
233 2102
226 2109
225 2109
223 2111
222 2111
222 2112
220 2114
219 2114
219 2115
218 2116
217 2116
217 2117
213 2121
211 2121
211 2123
210 2124
209 2124
208 2125
208 2126
207 2127
206 2127
205 2128
202 2128
201 2129
197 2129
196 2130
195 2130
194 2131
192 2131
191 2132
187 2132
186 2133
185 2133
184 2134
181 2134
180 2135
170 2135
169 2136
167 2136
165 2138
163 2136
162 2137
160 2137
159 2136
155 2136
154 2135
153 2135
152 2136
151 2136
150 2135
148 2135
147 2136
142 2136
141 2135
136 2135
135 2134
130 2134
129 2133
128 2133
127 2132
124 2132
121 2129
120 2129
118 2127
116 2127
114 2125
113 2125
112 2124
111 2124
110 2123
109 2123
108 2122
107 2122
104 2119
103 2119
101 2117
99 2117
98 2118
97 2117
95 2117
94 2116
93 2116
92 2115
90 2115
89 2114
88 2114
85 2111
84 2111
83 2110
81 2110
80 2109
79 2109
78 2108
77 2108
76 2107
73 2107
72 2106
70 2106
69 2105
67 2105
66 2104
64 2104
63 2103
62 2103
61 2102
58 2102
57 2101
53 2101
52 2102
50 2102
49 2101
45 2101
44 2100
42 2100
41 2099
38 2099
37 2098
33 2098
32 2099
29 2099
28 2098
26 2098
25 2097
24 2098
23 2098
22 2097
18 2097
16 2099
15 2099
14 2098
12 2098
11 2097
6 2097
5 2096
0 2096
0 2399
1079 2399
1079 1507
1077 1505
1077 1502
1076 1501
1076 1498
1075 1497
1075 1494
1074 1493
1074 1489
1073 1488
1073 1484
1072 1483
1072 1478
1071 1477
1071 1470
1070 1469
1070 1461
1069 1460
1069 1455
1068 1454
1068 1448
1067 1447
1067 1443
1066 1442
1066 1437
1065 1436
1065 1431
1064 1430
1064 1426
1063 1425
1063 1420
1062 1419
1062 1415
1061 1414
1061 1410
1060 1409
1060 1405
1059 1404
1059 1400
1058 1399
1058 1396
1057 1395
1057 1391
1056 1390
1056 1385
1055 1384
1055 1381
1054 1380
1054 1377
1053 1376
1053 1373
1052 1372
1052 1369
1051 1368
1051 1365
1050 1364
1050 1361
1049 1360
1049 1357
1048 1356
1048 1353
1047 1352
1047 1350
1046 1349
1046 1346
1045 1345
1045 1342
1044 1341
1044 1340
1043 1339
1043 1338
1042 1337
1042 1336
1041 1335
1041 1334
1040 1333
1040 1332
1039 1331
1039 1330
1038 1329
1038 1328
1037 1327
1037 1325
1036 1324
1036 1323
1035 1322
1035 1321
1034 1320
1034 1319
1033 1318
1033 1317
1032 1316
1032 1315
1031 1314
1031 1312
1030 1311
1030 1310
1029 1309
1029 1308
1028 1307
1028 1306
1027 1305
1027 1303
1026 1302
1026 1301
1025 1300
1025 1299
1024 1298
1024 1296
1022 1294
1022 1292
1021 1291
1021 1290
1020 1289
1020 1288
1019 1287
1019 1286
1018 1285
1018 1283
1017 1282
1017 1280
1016 1279
1016 1278
1015 1277
1015 1276
1014 1275
1014 1273
1013 1272
1013 1271
1012 1270
1012 1268
1011 1267
1011 1266
1010 1265
1010 1263
1009 1262
1009 1261
1008 1260
1008 1258
1007 1257
1007 1255
1006 1254
1006 1253
1005 1252
1005 1250
1004 1249
1004 1248
1003 1247
1003 1245
1002 1244
1002 1242
1001 1241
1001 1239
1000 1238
1000 1237
999 1236
999 1235
998 1234
998 1232
997 1231
997 1230
996 1229
996 1226
994 1224
994 1222
993 1221
993 1220
992 1219
992 1218
991 1217
991 1216
990 1215
990 1214
989 1213
989 1211
988 1210
988 1209
987 1208
987 1207
986 1206
986 1204
985 1203
985 1201
984 1200
984 1198
983 1197
983 1196
981 1194
981 1193
979 1191
979 1190
976 1187
975 1187
963 1175
962 1175
951 1164
950 1164
949 1163
948 1163
947 1162
944 1162
942 1160
941 1160
936 1155
935 1155
934 1154
932 1154
931 1153
926 1153
925 1152
925 1151
923 1149
922 1149
921 1148
917 1148
916 1147
916 1146
913 1146
910 1143
909 1143
908 1142
908 1141
906 1141
905 1140
905 1139
903 1139
902 1140
900 1140
899 1141
896 1141
895 1140
894 1140
892 1138
891 1138
890 1137
881 1137
875 1131
873 1131
871 1129
871 1128
870 1127
869 1127
868 1126
868 1125
863 1120
863 1118
861 1116
860 1116
859 1115
859 1114
858 1114
852 1108
852 1107
850 1105
850 1103
848 1101
848 1099
847 1098
847 1095
846 1094
846 1093
845 1092
844 1092
843 1091
843 1090
841 1088
841 1087
835 1081
837 1079
837 1078
835 1076
835 1073
836 1072
835 1071
835 1069
836 1068
836 1064
837 1063
837 1059
838 1058
838 1054
840 1052
843 1052
844 1051
845 1052
846 1052
847 1051
849 1051
851 1049
854 1049
855 1050
857 1048
859 1048
860 1047
862 1047
863 1046
864 1046
865 1045
868 1045
869 1044
871 1044
872 1043
873 1043
874 1042
875 1042
876 1041
878 1041
879 1040
880 1040
881 1039
882 1039
883 1038
885 1038
886 1037
887 1037
888 1036
889 1036
890 1035
891 1035
892 1034
893 1034
894 1033
895 1033
896 1032
897 1032
898 1031
899 1031
901 1029
902 1029
903 1028
904 1028
905 1027
906 1027
908 1025
909 1025
911 1023
912 1023
915 1020
916 1020
918 1018
919 1018
921 1016
922 1016
929 1009
930 1009
941 998
941 997
946 992
946 991
948 989
948 988
951 985
951 984
953 982
953 981
954 980
954 979
956 977
956 976
958 974
958 973
959 972
959 971
960 970
960 969
961 968
961 967
962 966
962 965
963 964
963 963
964 962
964 961
965 960
965 958
967 956
967 954
968 953
968 951
969 950
969 948
970 947
970 946
971 945
971 944
972 943
972 939
973 938
973 935
974 934
974 933
975 932
974 931
975 930
976 930
977 929
976 928
977 927
978 927
977 926
977 925
978 924
979 925
977 923
977 921
976 920
976 917
977 916
977 910
978 909
978 898
979 897
980 897
981 896
982 896
980 896
979 895
979 891
980 890
980 888
981 887
981 886
980 886
979 885
980 884
979 883
979 882
980 881
981 882
981 879
980 879
979 878
980 877
980 876
980 877
979 878
978 877
978 873
979 872
980 872
981 871
980 872
978 872
977 871
977 864
979 862
980 862
979 862
977 864
976 863
976 859
977 858
978 858
979 859
978 860
979 859
980 859
979 859
977 857
977 856
977 858
976 859
975 858
975 854
974 853
974 850
975 849
976 849
975 849
974 848
974 847
975 846
976 847
976 845
975 845
973 843
974 842
974 841
975 840
975 838
975 840
974 841
972 839
972 838
974 836
974 834
973 833
973 831
973 832
971 834
970 833
970 830
969 829
969 827
968 826
968 824
967 823
969 821
970 822
970 823
971 823
972 824
971 823
971 822
970 821
970 820
969 820
968 819
968 817
968 818
967 819
966 818
966 817
965 816
965 814
964 813
964 812
963 811
963 809
962 808
962 807
963 806
965 808
965 807
964 806
964 805
963 805
962 806
961 805
961 802
960 801
960 799
961 798
962 798
961 797
962 796
961 795
961 794
961 795
962 796
961 797
961 798
960 799
959 798
959 797
958 796
958 795
959 794
959 793
960 792
959 792
959 794
958 795
957 794
957 793
956 792
956 790
955 789
955 788
956 787
955 787
953 785
953 784
952 783
952 782
953 781
955 783
955 784
956 783
955 783
953 781
953 780
954 779
953 779
952 778
952 777
953 776
952 777
952 778
953 779
953 781
952 782
951 781
951 780
950 779
950 778
949 777
952 774
951 775
949 775
948 774
948 773
947 772
947 771
948 770
947 771
946 770
946 769
944 767
944 765
945 764
946 764
945 764
944 765
943 764
943 763
941 761
941 760
939 758
939 757
938 756
938 755
937 754
937 753
935 751
935 750
933 748
933 747
934 746
935 746
937 748
937 750
938 750
939 751
939 752
939 749
938 750
937 749
937 747
936 747
935 746
934 746
933 747
931 745
931 744
930 743
930 742
927 739
927 738
925 736
925 735
926 734
927 734
927 733
925 735
923 733
923 732
924 731
925 732
926 731
924 729
924 731
923 732
920 729
920 728
921 727
921 724
921 727
920 728
917 725
917 724
915 722
915 721
911 717
911 716
902 707
902 706
903 705
904 705
905 706
905 707
907 709
907 708
905 706
905 705
904 704
902 704
901 705
889 693
889 692
890 691
894 695
895 695
892 692
891 692
890 691
890 690
889 690
888 689
889 688
888 687
886 687
884 685
884 684
882 682
881 682
882 682
884 684
884 685
890 691
889 692
888 692
882 686
881 686
874 679
874 678
875 677
878 680
878 679
877 678
877 677
876 676
875 677
874 676
875 677
874 678
872 678
870 676
871 675
872 675
872 674
871 674
866 669
866 668
865 668
864 667
863 667
862 668
861 667
862 668
861 669
860 669
857 666
856 666
853 663
854 662
853 661
853 659
851 659
848 656
846 656
844 654
842 656
841 655
840 655
839 654
840 653
839 652
839 651
838 650
837 650
836 651
834 649
836 651
835 652
834 652
833 651
832 651
830 649
829 649
828 648
827 648
824 645
823 645
822 644
823 643
824 643
823 643
822 644
821 644
820 643
819 643
818 642
817 642
816 641
815 641
813 639
814 638
813 637
813 636
812 635
811 635
810 634
808 634
807 633
807 634
808 634
810 636
809 637
808 637
807 636
805 636
804 635
803 635
802 634
801 634
800 633
801 632
801 631
800 631
801 632
800 633
799 633
798 632
797 632
796 631
795 631
794 630
795 629
797 629
798 630
799 629
799 628
798 628
797 627
796 628
795 627
794 628
795 629
794 630
793 630
792 629
790 629
789 628
791 626
793 626
792 625
791 625
790 624
789 624
788 623
786 623
786 625
787 625
788 624
790 626
790 627
789 628
788 628
787 627
785 627
784 626
782 626
781 625
779 625
778 624
777 624
776 623
773 623
772 622
770 622
769 621
766 621
765 620
763 620
762 619
759 619
758 618
755 618
754 617
754 616
755 615
756 615
756 614
755 615
754 615
753 614
752 614
754 616
753 617
750 617
749 616
749 615
748 616
746 614
746 613
745 612
745 613
747 615
746 616
745 616
744 615
740 615
739 614
734 614
733 613
727 613
726 612
720 612
719 611
709 611
708 610
707 610
706 611
705 611
704 610
697 610
696 611
695 611
694 610
693 611

