620 515
619 516
605 516
604 517
595 517
594 518
588 518
587 519
582 519
581 520
578 520
577 521
575 521
574 522
571 522
570 523
567 523
566 524
564 524
563 525
561 525
560 526
558 526
557 527
555 527
554 528
552 528
551 529
550 529
549 530
548 530
547 531
545 531
544 532
543 532
542 533
541 533
540 534
538 534
537 535
536 535
535 536
534 536
533 537
532 537
531 538
530 538
529 539
528 539
527 540
526 540
525 541
524 541
522 543
521 543
520 544
519 544
518 545
517 545
516 546
515 546
513 548
512 548
511 549
510 549
509 550
508 550
506 552
505 552
503 554
502 554
501 555
500 555
498 557
497 557
495 559
494 559
492 561
491 561
489 563
488 563
486 565
485 565
482 568
481 568
478 571
477 571
473 575
472 575
467 580
466 580
459 587
458 587
439 606
439 607
437 609
437 610
433 614
433 615
430 618
430 619
428 621
428 622
426 624
426 625
424 627
424 628
422 630
422 631
420 633
420 634
418 636
418 637
417 638
417 639
415 641
415 642
414 643
414 644
413 645
413 646
412 647
412 648
411 649
411 650
410 651
410 653
409 654
409 655
408 656
408 658
407 659
407 660
406 661
406 663
405 664
405 666
404 667
404 668
403 669
403 671
402 672
402 674
401 675
401 677
400 678
400 680
399 681
399 682
398 683
398 686
397 687
397 689
396 690
396 691
395 692
395 694
394 695
394 697
393 698
393 700
392 701
392 704
391 705
391 708
390 709
390 711
389 712
389 716
388 717
388 720
387 721
387 728
386 729
386 761
387 762
387 766
388 767
388 769
389 770
389 771
390 772
390 773
391 774
391 775
392 776
392 777
394 779
394 780
397 783
397 784
402 789
402 790
413 801
414 801
416 803
417 803
419 805
420 805
421 806
422 806
423 807
424 807
425 808
426 808
428 810
429 810
430 811
431 811
432 812
433 812
434 813
435 813
436 814
437 814
438 815
440 815
441 816
441 817
440 818
439 818
438 819
437 819
436 818
435 818
434 819
433 819
433 820
430 823
429 823
428 824
427 824
423 828
423 829
422 830
421 830
421 843
423 845
423 847
425 847
427 849
428 849
430 851
430 852
431 852
434 855
434 856
435 857
435 858
436 859
436 860
437 861
437 863
439 865
439 867
440 868
440 869
441 870
441 871
442 872
442 876
441 877
442 877
443 878
443 881
444 881
445 882
445 885
446 886
446 888
447 889
448 889
450 891
450 893
456 899
456 900
458 902
458 903
460 905
460 906
474 920
475 920
477 922
478 922
480 924
481 924
483 926
484 926
485 927
485 928
486 929
482 933
481 933
477 937
476 937
468 945
467 945
457 955
457 956
450 963
450 964
446 968
446 969
443 972
443 973
442 974
442 975
440 977
440 978
439 979
439 981
438 982
438 983
437 984
437 986
436 987
436 988
435 989
435 992
433 994
433 997
432 998
432 1000
431 1001
431 1003
430 1004
430 1007
429 1008
429 1010
428 1011
428 1014
427 1015
427 1018
426 1019
426 1022
425 1023
425 1027
424 1028
424 1031
423 1032
423 1036
422 1037
422 1041
421 1042
421 1046
420 1047
420 1052
419 1053
419 1058
418 1059
418 1065
417 1066
417 1073
416 1074
416 1081
415 1082
415 1091
414 1092
414 1115
415 1116
415 1130
416 1131
416 1140
417 1141
417 1148
418 1149
418 1156
419 1157
419 1164
420 1165
420 1173
421 1174
421 1198
420 1199
420 1205
419 1206
419 1210
418 1211
418 1215
417 1216
417 1219
416 1220
416 1223
415 1224
415 1227
414 1228
414 1230
413 1231
413 1234
412 1235
412 1239
411 1240
411 1244
410 1245
410 1250
409 1251
409 1257
408 1258
408 1264
407 1265
407 1272
406 1273
406 1279
405 1280
405 1285
404 1286
404 1292
403 1293
403 1298
402 1299
402 1304
401 1305
401 1312
400 1313
400 1319
399 1320
399 1325
398 1326
398 1331
397 1332
397 1336
396 1337
396 1341
395 1342
395 1346
394 1347
394 1350
393 1351
393 1353
392 1354
392 1357
391 1358
391 1360
390 1361
390 1363
389 1364
389 1365
388 1366
388 1368
387 1369
387 1370
386 1371
386 1373
385 1374
385 1375
384 1376
384 1377
383 1378
383 1379
382 1380
382 1381
381 1382
381 1384
380 1385
380 1386
379 1387
379 1388
378 1389
378 1390
377 1391
377 1392
376 1393
376 1394
374 1396
374 1397
373 1398
373 1399
371 1401
371 1402
369 1404
369 1405
367 1407
367 1408
366 1409
366 1410
365 1411
365 1412
363 1414
363 1415
361 1417
361 1418
359 1420
359 1421
357 1423
357 1424
355 1426
355 1427
353 1429
353 1430
352 1431
352 1432
350 1434
350 1435
348 1437
348 1438
346 1440
346 1441
343 1444
343 1445
341 1447
341 1448
339 1450
339 1451
336 1454
336 1455
334 1457
334 1458
331 1461
331 1462
329 1464
329 1465
326 1468
326 1469
324 1471
324 1472
321 1475
321 1476
319 1478
319 1479
317 1481
317 1482
315 1484
315 1485
313 1487
313 1488
311 1490
311 1491
310 1492
310 1493
308 1495
308 1496
306 1498
306 1499
305 1500
305 1501
304 1502
304 1503
302 1505
302 1506
301 1507
301 1508
300 1509
300 1510
299 1511
299 1512
298 1513
298 1514
297 1515
297 1516
296 1517
296 1518
295 1519
295 1520
294 1521
294 1522
293 1523
293 1524
292 1525
292 1526
291 1527
291 1528
290 1529
290 1530
289 1531
289 1532
288 1533
288 1534
287 1535
287 1536
286 1537
286 1538
285 1539
285 1540
284 1541
284 1543
283 1544
283 1545
282 1546
282 1547
281 1548
281 1549
280 1550
280 1551
279 1552
279 1553
278 1554
278 1555
276 1557
276 1558
275 1559
275 1560
274 1561
274 1562
273 1563
273 1564
272 1565
272 1566
271 1567
271 1568
269 1570
269 1571
268 1572
268 1573
266 1575
266 1576
265 1577
265 1578
262 1581
262 1582
259 1585
259 1586
255 1590
255 1591
251 1595
251 1596
245 1602
245 1603
240 1608
240 1609
233 1616
233 1617
227 1623
227 1624
220 1631
220 1632
213 1639
213 1640
206 1647
206 1648
200 1654
199 1654
198 1655
197 1655
196 1656
195 1655
194 1655
193 1654
192 1654
191 1653
190 1653
189 1652
188 1652
186 1650
185 1650
183 1648
182 1648
181 1647
180 1647
178 1645
177 1645
175 1643
173 1643
172 1642
171 1642
170 1641
169 1641
168 1640
166 1640
165 1639
164 1639
163 1638
160 1638
159 1637
157 1637
156 1636
154 1636
153 1635
150 1635
149 1634
146 1634
145 1633
143 1633
135 1625
134 1625
132 1623
131 1623
130 1622
128 1622
127 1621
122 1621
121 1620
105 1620
104 1621
100 1621
99 1622
98 1622
97 1623
96 1623
95 1624
94 1624
92 1626
91 1626
90 1627
89 1627
87 1629
86 1629
78 1637
78 1638
76 1640
76 1641
75 1642
75 1643
74 1644
74 1646
73 1647
73 1648
72 1649
72 1651
71 1652
71 1656
70 1657
70 1674
71 1675
71 1677
67 1681
67 1682
64 1685
64 1686
61 1689
61 1690
59 1692
59 1693
58 1694
58 1695
56 1697
56 1699
55 1700
55 1725
56 1726
56 1744
57 1745
57 1749
56 1750
56 1753
55 1754
55 1757
54 1758
54 1761
53 1762
53 1765
52 1766
52 1769
51 1770
51 1775
50 1776
50 1777
51 1778
51 1780
67 1796
67 1797
68 1798
68 1799
70 1801
70 1802
71 1803
71 1804
72 1805
72 1806
74 1808
75 1808
76 1809
78 1809
79 1810
79 1834
80 1835
80 1852
81 1853
81 1865
82 1866
82 1874
83 1875
83 1890
84 1891
84 1910
82 1912
82 1916
81 1917
81 1925
80 1926
79 1926
76 1929
76 1930
74 1932
74 1933
73 1934
73 1940
74 1941
74 1942
75 1942
76 1943
78 1943
79 1944
80 1944
81 1943
83 1943
90 1936
90 1935
92 1933
92 1932
94 1930
94 1929
95 1928
95 1927
96 1926
96 1925
97 1924
97 1923
98 1922
98 1921
99 1920
99 1918
100 1917
100 1916
101 1915
101 1913
102 1912
102 1910
103 1909
103 1907
104 1906
104 1903
105 1902
105 1900
106 1899
106 1896
107 1895
107 1892
108 1891
108 1888
109 1887
109 1883
110 1882
110 1874
111 1873
111 1849
110 1848
110 1827
109 1826
109 1816
108 1815
108 1808
107 1807
107 1799
106 1798
106 1788
105 1787
105 1782
106 1781
106 1774
107 1773
107 1769
108 1768
108 1766
109 1765
109 1763
110 1762
110 1761
113 1758
114 1758
115 1757
124 1757
137 1770
138 1770
139 1771
139 1773
138 1774
138 1779
137 1780
137 1787
136 1788
136 1817
137 1818
137 1822
138 1823
138 1827
139 1828
139 1830
140 1831
140 1834
141 1835
141 1837
142 1838
142 1840
143 1841
143 1843
144 1844
144 1846
145 1847
145 1848
146 1849
146 1851
147 1852
147 1853
148 1854
148 1855
149 1856
149 1857
150 1858
150 1859
151 1860
151 1861
152 1862
152 1863
153 1864
153 1865
154 1866
154 1867
156 1869
156 1870
158 1872
158 1873
160 1875
160 1876
162 1878
162 1879
165 1882
165 1883
171 1889
171 1890
177 1896
178 1896
184 1902
185 1902
188 1905
189 1905
191 1907
192 1907
194 1909
195 1909
197 1911
198 1911
199 1912
200 1912
202 1914
203 1914
204 1915
205 1915
206 1916
207 1916
208 1917
209 1917
210 1918
211 1918
212 1919
214 1919
215 1920
216 1920
217 1921
219 1921
220 1922
222 1922
223 1923
225 1923
226 1924
229 1924
230 1925
234 1925
235 1926
239 1926
240 1927
245 1927
246 1928
253 1928
254 1929
299 1929
300 1928
311 1928
312 1929
318 1929
319 1928
321 1928
322 1927
323 1927
330 1920
330 1919
332 1917
332 1916
333 1915
333 1914
334 1913
334 1912
335 1911
335 1909
336 1908
336 1906
337 1905
337 1890
336 1889
336 1887
335 1886
335 1885
333 1883
333 1882
329 1878
328 1878
326 1876
325 1876
324 1875
323 1875
322 1874
320 1874
319 1873
304 1873
303 1874
298 1874
297 1875
293 1875
292 1876
289 1876
288 1877
285 1877
284 1878
282 1878
281 1879
279 1879
278 1880
273 1880
272 1881
265 1881
264 1882
251 1882
250 1881
245 1881
244 1880
242 1880
241 1879
240 1879
239 1878
238 1878
237 1877
236 1877
235 1876
234 1876
232 1874
231 1874
229 1872
228 1872
226 1870
225 1870
222 1867
221 1867
208 1854
208 1853
204 1849
204 1848
202 1846
202 1845
201 1844
201 1843
200 1842
200 1841
199 1840
199 1839
198 1838
198 1837
197 1836
197 1834
196 1833
196 1831
195 1830
195 1829
194 1828
194 1825
193 1824
193 1822
192 1821
192 1816
191 1815
191 1811
192 1810
192 1807
193 1806
193 1804
194 1803
194 1802
195 1801
195 1800
196 1799
196 1798
197 1797
197 1796
198 1795
198 1794
200 1792
200 1791
201 1790
201 1789
203 1787
203 1786
205 1784
205 1783
207 1781
207 1780
209 1778
209 1777
212 1774
212 1773
226 1759
227 1759
229 1757
230 1757
232 1755
233 1755
234 1754
235 1754
236 1753
237 1753
238 1752
239 1752
240 1751
242 1751
243 1750
246 1750
247 1749
251 1749
252 1748
265 1748
266 1747
269 1747
270 1748
271 1748
272 1749
273 1749
274 1750
275 1750
276 1751
285 1751
286 1750
287 1750
288 1749
289 1749
291 1747
292 1748
326 1748
327 1749
350 1749
351 1750
362 1750
363 1751
368 1751
369 1752
374 1752
375 1753
380 1753
381 1754
386 1754
387 1755
392 1755
393 1756
398 1756
399 1757
403 1757
404 1758
409 1758
410 1759
415 1759
416 1760
421 1760
422 1761
427 1761
428 1762
434 1762
435 1763
441 1763
448 1770
449 1770
451 1772
452 1772
454 1774
455 1774
456 1775
458 1775
459 1776
460 1776
461 1777
464 1777
465 1778
468 1778
469 1779
472 1779
473 1780
476 1780
477 1781
479 1781
480 1782
482 1782
483 1783
484 1783
485 1784
486 1784
487 1785
488 1785
490 1787
491 1787
492 1788
493 1788
494 1789
495 1789
496 1790
497 1790
498 1791
499 1791
500 1792
501 1792
503 1794
504 1794
505 1795
506 1795
507 1796
508 1796
510 1798
511 1798
512 1799
513 1799
515 1801
516 1801
518 1803
519 1803
521 1805
522 1805
525 1808
526 1808
531 1813
532 1813
535 1816
536 1816
538 1818
540 1818
542 1820
543 1820
547 1824
548 1824
560 1836
560 1837
563 1840
563 1841
566 1844
566 1845
568 1847
568 1848
570 1850
570 1851
572 1853
572 1854
574 1856
574 1857
575 1858
575 1859
576 1860
576 1861
578 1863
578 1865
579 1866
579 1867
580 1868
580 1869
581 1870
581 1871
582 1872
582 1874
583 1875
583 1876
584 1877
584 1878
585 1879
585 1880
586 1881
586 1882
587 1883
587 1884
588 1885
588 1887
589 1888
589 1889
590 1890
590 1891
591 1892
591 1893
592 1894
592 1895
593 1896
593 1897
594 1898
594 1899
595 1900
595 1901
596 1902
596 1903
597 1904
597 1906
598 1907
598 1908
599 1909
599 1910
600 1911
600 1912
601 1913
601 1914
602 1915
602 1916
603 1917
603 1918
604 1919
604 1922
603 1923
603 1925
602 1926
602 1928
601 1929
601 1932
600 1933
600 1935
599 1936
599 1939
598 1940
598 1941
597 1942
597 1945
596 1946
596 1948
595 1949
595 1950
594 1951
594 1957
593 1958
592 1958
592 1965
591 1966
590 1966
590 1972
589 1973
589 1977
588 1978
587 1978
587 1984
586 1985
585 1985
585 1992
584 1993
584 2000
582 2002
582 2006
580 2008
580 2011
579 2012
579 2014
578 2015
577 2015
577 2016
572 2021
571 2021
568 2024
567 2024
563 2028
562 2028
559 2031
558 2031
557 2032
556 2032
554 2034
553 2034
550 2037
550 2041
549 2042
534 2042
533 2043
525 2043
524 2044
518 2044
517 2045
512 2045
511 2046
507 2046
506 2047
503 2047
502 2048
500 2048
499 2049
497 2049
496 2050
494 2050
493 2051
490 2051
489 2052
486 2052
485 2053
483 2053
482 2054
480 2054
479 2055
478 2055
477 2056
475 2056
474 2057
473 2057
472 2058
470 2058
469 2059
468 2059
467 2060
465 2060
464 2061
463 2061
462 2062
461 2062
460 2063
459 2063
458 2064
456 2064
455 2065
454 2065
453 2066
452 2066
451 2067
450 2067
449 2068
448 2068
447 2069
446 2069
445 2070
444 2070
443 2071
442 2071
440 2073
439 2073
438 2074
437 2074
436 2075
435 2075
434 2076
433 2076
432 2077
431 2077
429 2079
428 2079
427 2080
426 2080
424 2082
423 2082
422 2083
421 2083
419 2085
418 2085
416 2087
415 2087
414 2088
413 2088
411 2090
410 2090
408 2092
407 2092
405 2094
404 2094
402 2096
401 2096
398 2099
397 2099
395 2101
394 2101
391 2104
390 2104
387 2107
386 2107
382 2111
381 2111
377 2115
376 2115
371 2120
370 2120
364 2126
363 2126
352 2137
351 2137
338 2150
338 2151
326 2163
326 2164
320 2170
320 2171
314 2177
314 2178
310 2182
310 2183
305 2188
305 2189
300 2194
300 2195
294 2201
294 2202
290 2206
290 2207
286 2211
286 2212
283 2215
283 2216
279 2220
279 2221
276 2224
276 2225
273 2228
273 2229
270 2232
270 2233
267 2236
267 2237
265 2239
265 2240
262 2243
262 2244
260 2246
260 2247
257 2250
257 2251
255 2253
255 2254
253 2256
253 2257
252 2258
252 2259
250 2261
250 2262
248 2264
248 2265
246 2267
246 2268
245 2269
245 2270
243 2272
243 2273
241 2275
241 2276
240 2277
240 2278
239 2279
239 2280
238 2281
238 2282
237 2283
237 2284
236 2285
236 2286
235 2287
235 2288
234 2289
234 2290
233 2291
233 2292
232 2293
232 2294
230 2296
230 2297
229 2298
229 2299
228 2300
228 2301
227 2302
227 2303
226 2304
226 2305
225 2306
225 2307
224 2308
224 2309
223 2310
223 2311
222 2312
222 2313
221 2314
221 2315
220 2316
220 2317
219 2318
219 2319
218 2320
218 2321
217 2322
217 2323
216 2324
216 2325
215 2326
215 2327
214 2328
214 2329
213 2330
213 2331
212 2332
212 2333
211 2334
211 2335
210 2336
210 2337
209 2338
209 2339
208 2340
208 2341
207 2342
207 2343
206 2344
206 2345
205 2346
205 2347
204 2348
204 2349
203 2350
203 2351
202 2352
202 2353
201 2354
201 2355
200 2356
200 2357
199 2358
199 2359
198 2360
198 2361
197 2362
197 2364
196 2365
196 2366
195 2367
195 2368
194 2369
194 2370
193 2371
193 2372
192 2373
192 2375
191 2376
191 2377
190 2378
190 2379
189 2380
189 2382
188 2383
188 2384
187 2385
187 2387
186 2388
186 2389
185 2390
185 2392
184 2393
184 2394
183 2395
183 2397
182 2398
182 2400
181 2401
181 2403
180 2404
180 2406
179 2407
240 2407
241 2406
241 2404
242 2403
242 2401
243 2400
243 2399
244 2398
244 2396
245 2395
245 2394
246 2393
246 2391
247 2390
247 2389
248 2388
248 2387
249 2386
249 2384
250 2383
250 2382
251 2381
251 2380
252 2379
252 2378
253 2377
253 2376
254 2375
254 2374
255 2373
255 2372
256 2371
256 2370
257 2369
257 2368
258 2367
258 2366
259 2365
259 2364
260 2363
260 2362
262 2360
262 2359
263 2358
263 2357
264 2356
264 2355
265 2354
265 2353
266 2352
266 2351
268 2349
268 2348
269 2347
269 2346
270 2345
270 2344
271 2343
271 2342
273 2340
273 2339
274 2338
274 2337
275 2336
275 2335
277 2333
277 2332
278 2331
278 2330
280 2328
280 2327
281 2326
281 2325
283 2323
283 2322
284 2321
284 2320
286 2318
286 2317
287 2316
287 2315
288 2314
288 2313
290 2311
290 2310
291 2309
291 2308
293 2306
293 2305
294 2304
294 2303
296 2301
296 2300
298 2298
298 2297
299 2296
299 2295
302 2292
302 2291
304 2289
304 2288
306 2286
306 2285
308 2283
308 2282
310 2280
310 2279
313 2276
313 2275
315 2273
315 2272
318 2269
318 2268
321 2265
321 2264
325 2260
325 2259
328 2256
328 2255
333 2250
333 2249
337 2245
337 2244
342 2239
342 2238
349 2231
349 2230
357 2222
357 2221
371 2207
371 2206
393 2184
394 2184
401 2177
402 2177
407 2172
408 2172
411 2169
412 2169
415 2166
416 2166
419 2163
420 2163
422 2161
423 2161
425 2159
426 2159
428 2157
429 2157
431 2155
432 2155
434 2153
435 2153
436 2152
437 2152
439 2150
440 2150
441 2149
442 2149
443 2148
444 2148
446 2146
447 2146
448 2145
449 2145
450 2144
451 2144
452 2143
453 2143
454 2142
455 2142
456 2141
457 2141
458 2140
459 2140
460 2139
461 2139
462 2138
463 2138
464 2137
465 2137
466 2136
467 2136
468 2135
469 2135
470 2134
472 2134
473 2133
474 2133
475 2132
476 2132
477 2131
479 2131
480 2130
481 2130
482 2129
486 2129
487 2128
489 2128
490 2127
493 2127
494 2126
495 2126
496 2125
499 2125
500 2124
503 2124
504 2123
506 2123
507 2122
512 2122
513 2123
513 2124
511 2126
512 2127
512 2130
511 2131
511 2134
510 2135
509 2135
509 2141
507 2143
507 2146
506 2147
506 2149
505 2150
504 2150
504 2157
503 2158
502 2158
502 2161
501 2162
501 2164
500 2165
499 2165
499 2172
498 2173
497 2173
497 2176
496 2177
495 2177
495 2180
494 2181
494 2187
493 2188
492 2188
492 2191
491 2192
490 2192
490 2195
489 2196
489 2202
488 2203
487 2203
487 2206
486 2207
482 2207
482 2211
481 2212
481 2216
482 2215
483 2216
483 2217
482 2218
482 2220
481 2221
480 2220
480 2219
479 2219
479 2223
480 2224
480 2225
479 2226
479 2229
478 2230
478 2232
477 2233
477 2236
476 2237
475 2237
475 2240
473 2242
473 2247
472 2248
472 2251
471 2252
470 2252
470 2255
469 2256
468 2256
468 2262
467 2263
467 2266
466 2267
465 2267
465 2273
463 2275
463 2277
462 2278
462 2285
461 2286
460 2286
460 2289
459 2290
458 2290
458 2292
457 2293
457 2296
456 2297
456 2300
455 2301
455 2304
454 2305
453 2305
453 2311
452 2312
451 2312
450 2313
449 2312
448 2313
448 2318
449 2318
450 2319
449 2320
448 2320
448 2326
447 2327
446 2327
446 2330
445 2331
445 2337
444 2338
443 2338
443 2341
442 2342
441 2342
441 2349
440 2350
440 2353
439 2354
438 2354
438 2359
437 2360
436 2359
436 2358
435 2358
435 2361
433 2363
433 2365
434 2366
434 2371
433 2372
433 2375
432 2376
431 2376
431 2383
430 2384
429 2384
429 2387
428 2388
428 2394
427 2395
426 2395
426 2400
424 2402
424 2407
479 2407
479 2406
480 2405
481 2405
481 2399
482 2398
482 2397
483 2396
483 2395
484 2394
484 2389
485 2388
485 2387
486 2386
486 2383
487 2382
488 2382
488 2380
489 2379
489 2376
490 2375
491 2375
491 2371
492 2370
492 2368
493 2367
493 2365
494 2364
494 2361
495 2360
496 2360
496 2357
498 2355
498 2352
499 2351
499 2346
500 2345
501 2345
501 2342
502 2341
503 2341
503 2338
504 2337
504 2336
505 2335
505 2334
506 2333
506 2330
508 2328
508 2323
509 2322
510 2322
510 2319
511 2318
511 2314
512 2313
512 2312
513 2311
513 2308
514 2307
515 2307
515 2304
516 2303
516 2301
518 2299
518 2297
519 2296
519 2295
520 2294
520 2292
521 2291
521 2287
523 2285
523 2282
524 2281
525 2281
525 2278
526 2277
526 2275
527 2274
527 2271
528 2270
528 2267
529 2266
530 2266
530 2263
532 2261
532 2256
533 2255
533 2252
534 2251
535 2251
535 2248
536 2247
537 2247
537 2244
538 2243
538 2240
539 2239
540 2239
540 2233
541 2232
542 2232
542 2229
544 2227
544 2225
545 2224
545 2222
547 2220
547 2217
548 2216
548 2214
549 2213
549 2210
550 2209
550 2207
551 2206
552 2206
552 2203
553 2202
554 2202
554 2199
555 2198
555 2195
556 2194
557 2194
557 2191
559 2189
559 2187
560 2186
560 2182
561 2181
561 2180
562 2179
562 2177
564 2175
564 2173
566 2171
566 2169
567 2168
567 2165
568 2164
569 2164
569 2161
570 2160
571 2160
571 2158
572 2157
572 2154
573 2153
574 2153
574 2150
576 2148
576 2146
577 2145
577 2142
578 2141
579 2141
579 2137
580 2136
580 2135
581 2134
581 2132
583 2130
584 2130
584 2128
585 2127
586 2127
588 2125
587 2124
588 2123
588 2122
589 2121
594 2121
595 2122
598 2122
599 2123
601 2123
602 2124
604 2124
605 2125
606 2125
607 2126
608 2126
609 2127
612 2127
613 2128
615 2128
617 2130
618 2130
619 2131
620 2131
622 2133
623 2133
625 2135
625 2138
626 2139
626 2141
628 2143
628 2146
626 2148
626 2157
624 2159
624 2165
623 2166
623 2171
622 2172
622 2180
621 2181
621 2196
620 2197
620 2198
618 2200
618 2205
617 2206
617 2210
616 2211
616 2223
615 2224
615 2226
614 2227
614 2233
613 2234
613 2240
612 2241
612 2243
611 2244
612 2245
612 2248
611 2249
611 2253
610 2254
610 2257
609 2258
609 2259
610 2260
610 2261
611 2262
611 2266
610 2267
609 2267
609 2277
608 2278
607 2278
607 2289
606 2290
606 2296
605 2297
604 2296
604 2294
603 2294
603 2295
602 2296
602 2302
603 2303
603 2305
602 2306
601 2306
601 2313
600 2314
600 2315
599 2316
599 2325
600 2326
600 2327
599 2328
598 2327
597 2328
597 2334
598 2335
598 2336
599 2337
599 2341
598 2342
597 2341
597 2339
596 2339
596 2344
597 2345
597 2349
595 2351
595 2360
594 2361
594 2364
593 2365
591 2365
591 2367
589 2369
585 2369
584 2370
584 2371
583 2372
581 2372
580 2373
579 2373
578 2374
578 2375
577 2376
571 2376
570 2377
570 2378
568 2380
563 2380
562 2381
562 2383
561 2384
550 2384
550 2386
549 2387
545 2387
543 2389
543 2390
542 2391
534 2391
532 2393
532 2394
531 2395
528 2395
528 2396
527 2397
527 2398
526 2399
515 2399
513 2401
513 2402
512 2403
511 2403
510 2404
510 2407
1083 2407
1083 2131
1082 2131
1081 2132
1075 2132
1075 2133
1073 2135
1069 2135
1068 2136
1067 2136
1067 2138
1066 2139
1058 2139
1057 2140
1057 2142
1056 2143
1053 2143
1053 2144
1052 2145
1052 2146
1051 2147
1043 2147
1042 2148
1042 2149
1041 2150
1036 2150
1035 2151
1034 2151
1034 2152
1032 2154
1028 2154
1027 2155
1027 2156
1025 2158
1022 2158
1021 2159
1020 2159
1019 2160
1019 2161
1018 2162
1015 2162
1014 2161
1014 2156
1013 2155
1013 2151
1012 2150
1012 2149
1011 2148
1011 2145
1010 2144
1010 2143
1009 2142
1009 2140
1008 2139
1008 2134
1007 2133
1007 2127
1006 2126
1007 2125
1007 2119
1008 2118
1008 2111
1007 2110
1007 2104
1006 2103
1006 2099
1005 2098
1005 2096
1004 2095
1004 2094
1002 2094
1001 2093
1000 2093
999 2092
998 2092
996 2090
995 2090
994 2089
993 2089
992 2088
991 2088
990 2087
989 2087
988 2086
985 2086
984 2085
983 2086
982 2085
979 2085
978 2084
977 2084
976 2083
976 2082
975 2081
975 2080
974 2079
974 2078
976 2076
978 2076
979 2075
983 2075
984 2074
986 2074
988 2072
989 2072
990 2071
991 2071
993 2069
994 2069
999 2064
999 2063
1001 2061
1001 2060
1006 2055
1006 2051
1007 2050
1007 2040
1008 2039
1007 2038
1008 2037
1007 2036
1007 2034
1001 2028
1001 2027
1000 2026
1000 2025
999 2025
998 2024
997 2024
995 2022
993 2022
992 2021
991 2021
990 2020
988 2020
987 2019
986 2019
985 2018
983 2018
981 2016
980 2016
979 2015
978 2015
977 2014
958 2014
957 2015
953 2015
952 2016
950 2016
949 2017
937 2017
936 2018
935 2017
932 2017
927 2012
927 2011
925 2009
925 2007
924 2006
924 2005
923 2004
923 2001
922 2000
922 1997
921 1996
921 1992
920 1991
920 1987
919 1986
919 1979
918 1978
918 1970
917 1970
916 1969
916 1966
915 1966
914 1965
914 1962
913 1961
913 1959
912 1959
911 1958
910 1958
909 1957
909 1955
908 1954
908 1951
907 1951
906 1950
906 1948
907 1947
907 1946
906 1945
906 1943
907 1942
908 1942
908 1940
909 1939
911 1939
912 1938
915 1938
915 1937
917 1935
918 1935
918 1934
919 1933
919 1932
921 1930
920 1930
919 1929
921 1927
921 1925
923 1923
923 1922
924 1921
924 1919
925 1918
925 1917
926 1916
926 1870
929 1867
931 1867
931 1866
932 1865
932 1864
934 1862
935 1863
936 1863
936 1857
937 1856
938 1856
938 1853
939 1852
941 1852
941 1851
942 1850
942 1849
943 1848
943 1845
944 1844
949 1844
950 1843
950 1842
952 1840
952 1838
953 1837
954 1837
955 1836
955 1830
956 1829
957 1829
957 1827
958 1826
960 1826
960 1823
961 1822
963 1822
963 1820
965 1818
965 1817
966 1816
966 1815
967 1814
969 1814
969 1812
971 1810
972 1810
972 1808
973 1807
974 1807
975 1806
975 1804
976 1803
977 1803
977 1800
978 1799
980 1799
981 1798
981 1797
982 1796
983 1796
984 1795
984 1793
985 1792
987 1792
987 1789
988 1788
991 1788
991 1785
992 1784
994 1784
994 1783
997 1780
997 1778
998 1777
1001 1777
1001 1775
1003 1773
1004 1773
1004 1770
1005 1769
1008 1769
1008 1766
1009 1765
1011 1765
1011 1763
1012 1762
1013 1762
1014 1761
1014 1759
1015 1758
1016 1758
1017 1757
1017 1756
1021 1752
1021 1751
1022 1750
1024 1750
1024 1748
1025 1747
1026 1747
1027 1746
1027 1745
1030 1742
1030 1740
1031 1739
1033 1739
1033 1736
1034 1735
1036 1735
1036 1733
1037 1732
1038 1732
1040 1730
1040 1729
1041 1728
1041 1725
1042 1724
1045 1724
1045 1721
1046 1720
1048 1720
1048 1718
1049 1717
1050 1717
1050 1714
1051 1713
1053 1713
1053 1710
1054 1709
1056 1709
1057 1708
1057 1706
1058 1705
1058 1703
1060 1701
1062 1701
1062 1699
1063 1698
1063 1697
1064 1696
1064 1695
1067 1692
1067 1691
1069 1689
1069 1687
1070 1686
1070 1684
1071 1683
1073 1683
1073 1682
1074 1681
1074 1680
1075 1679
1075 1676
1076 1675
1077 1675
1077 1672
1078 1671
1079 1671
1079 1669
1080 1668
1081 1668
1082 1667
1082 1665
1083 1664
1083 894
1073 894
1072 893
1072 891
1071 890
1067 890
1066 889
1066 888
1065 887
1065 886
1061 886
1060 885
1060 884
1058 882
1053 882
1051 880
1051 879
1049 879
1048 878
1048 877
1047 876
1047 875
1042 875
1041 874
1041 873
1040 872
1040 871
1036 871
1035 870
1035 869
1033 867
1025 867
1024 866
1024 864
1020 864
1019 863
1019 860
1017 860
1015 858
1015 857
1014 856
1009 856
1008 855
1008 854
1007 853
1007 852
1004 852
1003 851
1003 849
1002 849
1001 848
998 848
997 847
997 845
993 845
992 844
992 843
991 842
991 841
985 841
984 840
984 837
980 837
978 835
978 834
977 834
976 833
969 833
968 832
968 831
967 830
960 830
959 829
959 828
958 827
958 826
949 826
948 825
948 823
947 822
934 822
932 820
932 819
930 819
929 818
901 818
900 817
899 818
894 818
892 816
888 816
887 815
853 815
852 816
851 816
851 817
850 818
828 818
826 816
826 815
820 815
819 816
822 816
823 817
823 818
821 820
819 820
817 822
816 822
815 823
813 823
812 824
808 824
807 823
808 822
808 820
809 819
809 817
810 816
810 814
811 813
811 812
809 810
809 803
808 802
807 802
806 801
806 800
808 798
808 795
809 794
808 793
808 790
806 788
806 787
808 785
807 785
806 784
808 782
808 781
809 780
808 779
808 778
807 777
807 776
806 775
805 775
804 774
804 773
803 772
803 770
804 769
803 768
804 767
803 766
798 766
795 763
795 761
796 760
796 759
797 758
797 757
796 756
796 754
795 753
795 752
794 751
794 750
793 749
793 748
787 742
787 741
786 740
786 738
783 738
782 737
782 736
783 735
783 734
784 733
784 732
785 731
785 730
786 729
786 728
788 726
788 725
789 724
789 723
790 722
790 721
791 720
791 719
792 718
792 717
793 716
793 715
794 714
794 713
795 712
795 710
796 709
796 708
797 707
797 704
798 703
798 699
799 698
799 688
800 687
800 680
799 679
799 675
798 674
798 673
794 669
794 668
792 666
791 666
789 664
789 663
788 662
788 660
787 659
787 656
786 655
786 651
785 650
785 646
784 645
784 641
783 640
783 635
782 634
782 630
781 629
781 625
780 624
780 621
779 620
779 618
778 617
778 615
777 614
777 612
776 611
776 610
775 609
775 607
774 606
774 605
773 604
773 602
772 601
772 600
771 599
771 597
770 596
770 595
769 594
769 593
768 592
768 591
767 590
767 589
766 588
766 587
765 586
765 585
763 583
763 582
761 580
761 579
759 577
759 576
755 572
755 571
753 569
753 568
752 567
752 565
751 564
751 563
750 562
750 561
749 560
749 559
748 558
748 557
747 556
747 555
745 553
744 553
743 552
741 552
740 551
735 551
734 550
733 550
731 548
730 548
729 547
729 546
726 543
726 542
724 540
724 539
723 538
723 537
721 535
721 534
719 532
719 531
714 526
713 526
712 525
711 525
710 524
708 524
707 523
706 523
705 522
702 522
701 521
699 521
698 520
695 520
694 519
690 519
689 518
685 518
684 517
679 517
678 516
672 516
671 515

