729 470
730 471
731 471
732 472
734 472
735 473
736 473
737 474
738 474
739 475
740 475
741 476
743 476
745 478
746 478
747 479
748 479
749 480
751 480
752 481
753 481
754 482
755 482
756 483
754 485
753 485
751 487
750 487
745 492
744 492
738 498
737 498
733 502
732 502
729 505
728 505
727 506
726 506
722 510
721 510
720 511
720 512
719 513
718 513
716 515
716 516
715 517
714 517
713 518
713 519
710 522
709 522
704 527
704 528
703 529
703 531
702 532
702 533
701 534
701 536
700 537
700 540
699 541
699 544
698 545
698 548
697 549
697 553
696 554
696 556
695 557
695 561
694 562
694 571
693 572
693 575
692 576
692 580
691 581
691 584
690 585
690 590
689 591
689 596
688 597
688 601
687 602
687 607
686 608
686 616
685 617
685 622
684 623
684 628
683 629
683 635
682 636
682 644
681 645
681 650
680 651
680 658
679 659
679 668
678 669
678 684
677 685
677 699
676 700
676 717
675 718
675 739
674 740
674 786
675 787
675 790
677 792
676 793
676 797
675 798
675 800
674 801
674 805
673 806
673 808
672 809
672 812
671 813
671 817
670 818
670 822
669 823
669 825
668 826
668 830
667 831
667 838
666 839
666 846
665 847
665 856
664 857
664 863
663 864
663 873
662 874
662 887
661 888
661 897
660 898
660 905
658 907
654 907
653 908
649 908
648 909
644 909
643 910
637 910
636 911
633 911
631 909
630 909
627 906
626 906
624 904
623 904
620 901
618 901
617 900
616 901
614 901
613 900
609 900
608 899
607 899
605 897
605 891
606 890
606 889
608 887
608 886
609 885
609 884
610 883
610 866
609 865
609 860
608 859
608 847
607 846
607 831
608 830
608 816
607 815
607 807
606 806
606 792
605 791
605 789
604 788
604 787
603 786
603 785
601 783
601 778
600 777
600 775
599 774
599 773
598 772
598 770
597 769
597 768
596 767
596 766
595 765
595 762
594 761
593 761
587 755
587 754
586 753
586 752
587 751
587 750
585 750
583 748
582 748
581 747
580 747
579 746
578 746
577 745
574 745
573 744
566 744
565 743
561 743
560 744
559 744
559 745
558 746
557 746
556 747
553 747
552 748
551 748
550 749
548 749
547 750
546 750
545 751
544 751
544 752
542 754
536 754
533 751
533 750
532 749
532 747
531 746
531 744
530 743
530 741
529 740
529 739
528 738
528 736
530 734
529 733
530 732
531 732
531 731
533 729
533 728
534 727
534 726
535 725
536 725
536 724
535 723
536 722
537 722
537 721
536 720
537 719
538 719
537 718
539 716
539 715
538 715
536 713
537 712
538 712
539 713
538 712
538 711
540 709
538 707
538 704
540 702
539 702
538 701
539 700
538 700
537 701
536 700
536 699
537 698
538 698
537 697
538 696
537 695
537 694
537 695
536 696
535 695
535 693
536 692
535 693
534 693
533 692
533 690
532 689
530 689
529 688
527 688
526 687
527 686
525 688
524 687
524 686
523 685
523 684
522 684
521 683
520 684
518 682
517 682
516 681
514 681
513 682
512 682
511 681
510 682
510 683
509 684
507 682
508 681
507 682
506 682
504 680
503 680
503 681
502 682
501 682
500 681
499 682
497 682
498 683
497 684
496 684
495 683
495 684
492 687
491 687
491 688
490 689
489 689
488 690
490 690
491 691
490 692
487 692
486 693
486 694
488 694
489 695
489 696
488 697
487 696
486 696
485 697
484 697
483 698
483 699
484 700
482 702
482 703
483 704
483 705
482 706
481 705
482 706
481 707
481 708
480 709
479 708
479 707
478 708
479 709
478 710
477 710
476 711
475 711
474 710
476 708
476 707
475 708
473 708
471 710
470 710
469 709
467 709
466 710
465 710
464 711
462 711
462 712
461 713
460 712
459 712
457 714
456 714
455 715
454 715
451 718
450 718
450 720
449 721
448 721
447 722
447 724
445 726
446 726
447 727
445 729
444 728
444 732
446 730
447 731
447 732
446 733
446 734
444 736
443 735
443 737
444 738
443 739
444 740
443 741
443 742
442 743
441 743
441 745
442 745
443 746
442 747
442 748
443 749
442 750
443 751
443 752
442 753
443 754
443 756
446 753
447 753
448 754
438 764
437 764
436 765
435 765
434 766
433 766
431 768
430 768
429 769
425 769
424 770
422 770
421 771
420 771
414 777
413 777
412 778
411 778
410 779
409 779
408 780
407 780
402 785
402 786
401 787
401 788
400 789
400 790
396 794
395 794
395 795
393 797
393 799
392 800
392 801
391 802
391 804
390 805
389 804
388 804
387 803
387 802
388 801
389 802
389 801
390 800
389 801
388 801
387 802
386 801
386 802
385 803
384 802
383 802
384 802
385 803
384 804
383 804
382 805
381 805
377 809
376 808
377 809
376 810
374 810
373 809
372 810
373 811
373 812
372 813
371 813
368 816
368 818
367 819
366 819
368 821
367 822
367 823
366 824
367 824
368 825
367 826
366 826
366 827
367 828
367 829
368 830
367 831
366 831
367 832
366 833
366 834
367 835
367 836
368 837
368 839
367 840
367 841
368 842
368 845
369 846
369 847
370 848
370 850
377 857
378 857
380 859
380 858
381 857
382 858
385 858
386 859
387 859
388 858
389 859
391 859
392 860
393 859
401 859
401 858
402 857
403 858
406 858
407 857
408 857
409 856
410 857
411 856
411 855
412 854
413 855
414 855
415 854
414 853
415 852
418 852
417 851
418 850
420 850
421 849
420 848
421 847
420 847
419 846
420 845
421 845
422 844
424 844
425 843
426 843
427 842
429 842
430 841
432 841
433 840
434 840
435 839
436 839
437 838
438 838
439 837
441 837
444 834
445 834
446 833
447 833
450 830
451 830
453 828
454 828
457 825
458 825
461 822
462 822
466 826
467 826
469 828
470 828
471 829
472 829
473 830
477 830
480 833
481 833
482 834
482 845
481 846
481 861
480 862
480 864
479 865
479 869
478 870
478 873
477 874
477 876
476 877
476 880
475 881
475 883
474 884
474 887
473 888
473 892
472 893
472 899
471 900
471 907
470 908
470 921
469 922
469 939
470 940
470 942
471 943
471 945
472 946
472 947
473 948
473 950
474 951
475 951
477 953
477 954
479 956
479 957
481 959
481 960
483 962
483 963
485 965
485 966
489 970
490 970
491 971
492 971
493 972
493 975
494 976
494 979
495 980
495 981
497 983
497 985
498 986
498 987
500 989
500 990
501 991
501 992
503 994
504 994
505 993
506 994
506 995
509 998
509 999
508 1000
508 1002
509 1003
514 1003
515 1002
518 1002
519 1001
524 1001
530 1007
531 1007
532 1008
532 1009
533 1010
534 1010
546 1022
547 1022
551 1026
552 1026
555 1029
556 1029
559 1032
560 1032
562 1034
563 1034
565 1036
566 1036
568 1038
569 1038
571 1040
572 1040
573 1041
574 1041
575 1042
576 1042
578 1044
579 1044
580 1045
581 1045
582 1046
583 1046
585 1048
586 1048
587 1049
588 1049
589 1050
590 1050
591 1051
592 1051
593 1052
594 1052
595 1053
596 1053
597 1054
599 1054
600 1055
601 1055
603 1057
604 1057
605 1058
606 1058
607 1059
608 1059
609 1060
611 1060
617 1066
619 1066
621 1068
621 1071
622 1072
624 1072
625 1073
627 1073
631 1077
632 1077
634 1079
634 1080
635 1081
635 1082
645 1092
647 1092
648 1093
651 1093
652 1094
652 1095
654 1097
654 1098
656 1100
656 1108
657 1109
657 1116
656 1117
656 1121
658 1123
657 1124
657 1126
658 1127
658 1128
657 1129
657 1139
658 1140
658 1142
659 1143
659 1145
660 1145
661 1146
660 1147
660 1149
662 1151
662 1153
661 1154
661 1157
660 1158
660 1167
659 1168
659 1169
658 1170
658 1172
657 1173
657 1175
656 1176
656 1178
655 1179
655 1180
654 1181
654 1184
653 1185
653 1186
652 1187
652 1190
651 1191
651 1192
650 1193
650 1196
649 1197
649 1199
648 1200
648 1203
647 1204
647 1206
646 1207
646 1211
645 1212
645 1215
644 1216
644 1219
643 1220
643 1223
642 1224
642 1229
641 1230
641 1235
640 1236
640 1240
639 1241
639 1247
638 1248
638 1254
637 1255
637 1260
636 1261
636 1266
635 1267
635 1270
634 1271
634 1276
633 1277
633 1279
632 1280
632 1282
631 1283
631 1285
630 1286
630 1288
629 1289
629 1291
628 1292
628 1294
627 1295
627 1296
626 1297
626 1298
625 1299
625 1301
624 1302
624 1304
623 1305
623 1306
622 1307
622 1309
621 1310
621 1313
620 1314
620 1317
619 1318
619 1320
618 1321
618 1324
617 1325
617 1328
616 1329
616 1331
615 1332
615 1334
614 1335
614 1337
613 1338
613 1340
612 1341
612 1344
611 1345
611 1346
610 1347
610 1349
609 1350
609 1351
608 1352
608 1354
607 1355
607 1357
606 1358
606 1359
605 1360
605 1362
604 1363
604 1365
603 1366
603 1368
602 1369
602 1372
601 1373
601 1374
600 1375
598 1375
597 1374
596 1374
595 1373
592 1373
591 1372
588 1372
587 1371
577 1371
576 1370
569 1370
568 1369
562 1369
561 1368
558 1368
557 1367
549 1367
548 1366
546 1366
544 1364
542 1364
541 1363
538 1363
537 1362
529 1362
528 1363
526 1363
525 1364
524 1364
522 1366
521 1366
518 1369
518 1370
517 1371
517 1375
516 1376
515 1376
514 1377
514 1378
513 1379
513 1380
512 1381
510 1381
509 1382
506 1382
505 1381
498 1381
497 1382
489 1382
488 1383
487 1383
486 1384
485 1384
484 1385
482 1385
481 1386
479 1386
478 1387
477 1387
476 1388
474 1388
473 1389
472 1389
471 1390
468 1390
467 1391
465 1391
464 1392
462 1392
461 1393
460 1393
459 1394
458 1394
457 1395
456 1395
455 1396
453 1396
452 1397
451 1397
450 1398
449 1398
448 1399
447 1399
446 1400
444 1400
443 1401
442 1401
441 1402
440 1402
439 1403
437 1403
436 1404
435 1404
434 1405
433 1405
432 1406
431 1406
430 1407
429 1407
428 1408
427 1408
426 1409
425 1409
424 1410
423 1410
422 1411
421 1411
420 1412
419 1412
418 1413
417 1413
415 1415
414 1415
412 1417
411 1417
409 1419
408 1419
406 1421
405 1421
404 1422
403 1422
402 1423
401 1423
399 1425
398 1425
396 1427
395 1427
394 1428
393 1428
392 1429
391 1429
389 1431
388 1431
387 1432
386 1432
385 1433
384 1433
383 1434
382 1434
380 1436
379 1436
378 1437
377 1437
375 1439
374 1439
373 1440
372 1440
371 1441
370 1441
368 1443
367 1443
365 1445
364 1445
363 1446
362 1446
361 1447
360 1447
359 1448
357 1448
356 1449
355 1449
354 1450
353 1450
352 1451
351 1451
349 1453
349 1454
346 1457
346 1459
345 1460
345 1467
343 1469
343 1470
341 1472
341 1473
340 1474
340 1476
339 1477
339 1478
338 1479
338 1480
337 1481
337 1483
336 1484
336 1489
335 1490
335 1497
334 1498
334 1507
333 1508
332 1507
332 1502
331 1502
330 1503
329 1503
329 1504
327 1506
326 1506
325 1507
325 1508
323 1510
323 1512
322 1513
321 1512
320 1513
320 1514
321 1514
322 1515
320 1517
317 1517
317 1518
316 1519
317 1520
316 1521
314 1521
314 1522
315 1523
314 1524
314 1525
313 1526
314 1527
315 1527
316 1528
316 1529
315 1530
316 1531
317 1530
318 1530
319 1531
317 1533
317 1535
318 1536
317 1537
316 1537
315 1538
316 1538
317 1539
316 1540
316 1541
317 1542
316 1543
315 1543
315 1545
316 1546
316 1547
314 1549
315 1549
316 1548
317 1549
317 1551
318 1552
318 1553
319 1552
320 1552
321 1553
321 1554
322 1555
323 1555
324 1556
326 1556
327 1557
329 1557
330 1556
331 1557
331 1558
334 1558
335 1559
336 1559
337 1560
338 1560
339 1561
340 1561
341 1562
342 1561
343 1562
343 1563
344 1564
344 1565
345 1565
346 1566
347 1566
348 1565
346 1563
345 1563
344 1562
345 1561
346 1561
347 1560
348 1560
349 1561
349 1562
351 1564
350 1565
351 1565
351 1562
352 1561
353 1561
355 1563
355 1564
356 1565
355 1564
355 1563
356 1562
357 1563
358 1563
360 1565
359 1566
358 1566
359 1566
360 1565
361 1566
361 1567
360 1568
359 1568
359 1570
358 1571
356 1571
356 1572
358 1572
361 1569
362 1570
362 1571
361 1572
363 1570
363 1568
362 1567
362 1566
361 1566
360 1565
361 1564
361 1563
362 1562
363 1563
365 1563
366 1562
366 1561
367 1560
367 1557
368 1556
368 1555
369 1554
370 1555
370 1558
369 1559
369 1561
368 1562
368 1563
365 1566
364 1566
365 1567
366 1566
367 1566
368 1567
367 1568
367 1570
366 1571
365 1570
365 1569
365 1570
366 1571
368 1569
369 1569
370 1570
369 1569
369 1568
368 1567
369 1566
374 1566
375 1567
374 1566
375 1565
376 1565
376 1564
377 1563
378 1563
378 1562
379 1561
379 1557
380 1556
381 1556
381 1555
382 1554
382 1553
381 1552
383 1550
383 1549
384 1548
383 1547
383 1545
384 1544
385 1545
385 1541
384 1540
384 1539
383 1538
384 1537
383 1537
382 1538
380 1536
382 1534
383 1534
382 1534
381 1533
380 1533
379 1532
379 1531
381 1529
382 1529
383 1528
383 1527
382 1528
380 1528
378 1526
379 1525
379 1524
380 1523
380 1522
377 1519
377 1518
376 1517
376 1522
375 1523
375 1526
374 1527
374 1531
373 1532
372 1531
372 1526
373 1525
373 1512
372 1511
372 1510
373 1509
373 1505
374 1504
374 1501
375 1500
374 1499
374 1484
373 1483
374 1482
374 1478
378 1474
379 1474
380 1473
381 1473
382 1472
383 1472
384 1471
385 1471
386 1470
387 1470
388 1469
390 1469
391 1468
392 1468
393 1467
394 1467
395 1466
397 1466
398 1465
401 1465
402 1464
405 1464
406 1463
407 1463
408 1462
410 1462
411 1461
412 1461
413 1460
415 1460
416 1459
417 1459
418 1458
420 1458
421 1457
425 1457
426 1456
430 1456
431 1455
437 1455
438 1454
443 1454
444 1453
449 1453
450 1452
455 1452
456 1451
458 1451
459 1450
462 1450
463 1449
466 1449
467 1448
469 1448
470 1447
474 1447
475 1446
477 1446
478 1445
483 1445
484 1444
488 1444
489 1443
491 1443
492 1442
494 1442
495 1441
497 1441
498 1442
497 1443
496 1443
495 1444
494 1444
493 1445
492 1445
493 1445
494 1446
494 1447
493 1448
492 1447
491 1447
492 1447
494 1449
495 1449
496 1450
495 1451
495 1452
494 1453
493 1453
493 1454
494 1453
495 1454
495 1455
494 1456
493 1456
493 1458
494 1458
496 1460
497 1460
498 1461
498 1462
496 1464
495 1463
495 1464
497 1464
498 1465
498 1467
499 1468
499 1470
500 1469
501 1470
501 1472
502 1472
504 1474
505 1474
505 1473
504 1472
505 1471
506 1471
506 1470
507 1469
508 1469
509 1470
508 1471
508 1474
508 1473
509 1472
508 1471
509 1470
510 1470
511 1471
510 1470
510 1469
511 1468
512 1469
514 1469
515 1470
514 1471
514 1472
513 1473
513 1474
514 1475
512 1477
510 1475
513 1478
512 1479
511 1479
512 1479
513 1480
512 1479
513 1478
515 1478
516 1479
515 1480
515 1481
516 1480
517 1481
517 1482
518 1482
519 1483
520 1483
521 1484
522 1484
523 1485
526 1485
527 1486
527 1487
529 1487
530 1488
530 1489
531 1489
533 1491
535 1491
537 1493
538 1493
539 1492
540 1493
540 1494
539 1495
541 1495
542 1494
543 1495
543 1496
546 1496
547 1497
548 1496
551 1496
552 1495
553 1496
554 1496
555 1495
559 1495
561 1493
563 1493
563 1492
564 1491
565 1491
566 1492
566 1491
567 1490
568 1491
568 1489
569 1488
569 1487
571 1485
572 1485
571 1484
570 1484
569 1483
568 1483
567 1482
568 1481
570 1481
571 1482
573 1482
574 1483
576 1483
577 1484
578 1484
579 1485
582 1485
583 1486
586 1486
587 1487
590 1487
591 1488
594 1488
595 1489
597 1489
600 1492
600 1493
601 1494
601 1495
602 1496
602 1498
603 1499
603 1502
604 1503
604 1509
605 1510
605 1511
606 1512
606 1514
607 1515
607 1517
608 1518
608 1520
609 1521
609 1526
610 1527
610 1528
612 1530
612 1531
611 1532
608 1529
608 1528
607 1527
607 1526
606 1527
607 1528
606 1529
607 1530
606 1531
606 1532
605 1533
603 1533
603 1534
604 1535
603 1536
603 1538
602 1539
602 1541
603 1542
603 1543
602 1544
601 1543
600 1544
600 1545
599 1546
598 1545
597 1546
596 1546
595 1547
594 1547
593 1548
594 1549
594 1550
592 1552
592 1553
594 1553
595 1554
595 1555
593 1557
587 1557
587 1558
586 1559
585 1559
586 1560
586 1561
584 1563
583 1562
582 1562
581 1561
581 1560
581 1562
580 1563
579 1563
579 1564
578 1565
577 1565
577 1567
576 1568
576 1569
574 1571
572 1571
571 1572
570 1572
569 1573
568 1572
568 1573
567 1574
566 1574
566 1578
565 1579
566 1580
565 1581
565 1582
564 1583
566 1585
565 1586
565 1587
566 1588
565 1589
565 1590
566 1591
567 1591
568 1590
569 1591
569 1592
570 1593
570 1594
572 1596
571 1597
570 1597
569 1598
568 1598
567 1599
566 1599
565 1598
565 1597
564 1597
563 1596
564 1597
564 1598
565 1598
566 1599
566 1600
565 1601
564 1601
562 1603
560 1603
559 1602
559 1601
560 1600
560 1599
559 1599
558 1598
560 1596
561 1596
561 1595
560 1594
560 1595
559 1596
558 1596
559 1597
557 1599
557 1600
558 1600
559 1601
559 1602
558 1603
557 1603
556 1604
556 1605
555 1606
554 1605
554 1606
553 1607
552 1607
553 1608
552 1609
552 1610
550 1612
549 1611
548 1611
548 1612
551 1612
554 1615
553 1616
551 1616
553 1618
550 1621
549 1621
549 1622
551 1620
552 1621
552 1620
553 1619
554 1620
554 1621
555 1622
554 1623
553 1623
551 1625
550 1624
549 1624
549 1627
552 1630
553 1630
555 1632
553 1634
551 1634
551 1635
553 1637
553 1638
552 1639
551 1638
550 1639
549 1639
549 1640
551 1642
552 1641
553 1641
554 1642
555 1642
555 1640
556 1639
557 1640
557 1659
556 1660
556 1661
553 1664
552 1664
551 1665
552 1666
553 1665
555 1667
555 1668
554 1669
556 1669
557 1670
557 1671
555 1673
556 1672
557 1673
558 1673
559 1674
560 1674
561 1675
560 1676
561 1677
561 1676
563 1674
564 1675
564 1676
563 1677
563 1679
565 1681
565 1682
568 1682
569 1683
568 1682
569 1681
570 1681
572 1683
572 1685
574 1685
576 1687
575 1688
575 1689
574 1690
575 1691
575 1693
577 1695
577 1696
576 1697
575 1696
575 1697
576 1697
577 1698
577 1699
578 1700
578 1701
577 1702
578 1702
580 1700
583 1703
586 1703
587 1702
588 1702
589 1703
589 1704
590 1704
591 1705
590 1706
589 1706
590 1706
591 1705
591 1704
590 1703
591 1702
592 1702
593 1703
593 1711
594 1712
594 1714
595 1715
594 1716
595 1716
596 1717
596 1718
597 1719
597 1720
599 1722
600 1722
601 1723
605 1723
606 1724
607 1724
609 1726
608 1727
608 1730
609 1731
609 1732
610 1733
611 1733
612 1734
614 1734
615 1735
616 1735
617 1736
618 1736
619 1737
620 1736
620 1735
622 1733
622 1732
625 1729
625 1727
626 1726
629 1726
631 1724
632 1724
633 1723
634 1723
635 1722
636 1722
637 1721
643 1721
645 1723
646 1723
649 1726
652 1726
653 1725
654 1726
654 1729
653 1730
653 1732
654 1732
658 1736
658 1744
659 1744
660 1745
663 1745
665 1747
667 1747
668 1748
668 1750
669 1751
669 1753
670 1754
670 1757
671 1757
673 1759
673 1760
675 1760
676 1759
679 1759
680 1760
679 1761
679 1762
680 1763
682 1763
683 1762
684 1762
685 1761
687 1763
688 1763
689 1764
691 1762
694 1762
694 1761
695 1760
694 1759
695 1758
695 1757
694 1756
693 1756
691 1754
692 1753
692 1752
693 1751
695 1751
696 1750
697 1751
698 1751
701 1748
702 1748
703 1747
704 1748
705 1748
706 1747
706 1745
707 1744
712 1744
713 1743
714 1743
715 1742
716 1743
717 1743
719 1745
719 1749
717 1751
717 1752
716 1753
716 1754
714 1756
714 1757
713 1758
713 1759
712 1760
712 1762
714 1764
715 1764
716 1763
717 1763
719 1761
720 1761
725 1756
725 1755
727 1753
727 1752
729 1750
729 1749
730 1748
730 1744
729 1743
730 1742
731 1742
733 1740
734 1740
735 1741
736 1741
737 1740
737 1736
738 1735
737 1734
739 1732
739 1728
740 1727
746 1727
746 1723
747 1722
747 1721
748 1720
748 1719
751 1716
752 1716
753 1715
753 1714
754 1713
755 1714
755 1715
757 1715
758 1714
758 1713
759 1712
759 1711
760 1710
760 1709
765 1704
768 1704
771 1701
772 1701
775 1698
776 1699
776 1692
777 1691
776 1692
775 1691
775 1687
774 1686
775 1685
776 1685
776 1678
775 1677
776 1676
776 1675
778 1673
777 1673
776 1672
778 1670
780 1670
780 1667
781 1666
781 1665
782 1664
782 1663
783 1662
783 1661
784 1660
786 1662
786 1663
787 1662
787 1661
788 1660
788 1658
789 1657
790 1657
791 1658
790 1659
791 1658
792 1658
791 1657
793 1655
794 1656
796 1654
796 1653
797 1652
799 1654
800 1654
803 1657
805 1657
806 1658
810 1658
811 1659
815 1659
816 1660
817 1660
818 1661
818 1662
819 1663
819 1665
820 1666
820 1668
821 1669
821 1672
822 1673
822 1675
823 1676
823 1678
824 1679
824 1680
825 1681
825 1683
826 1684
826 1687
827 1688
827 1690
828 1691
828 1693
829 1694
829 1698
830 1699
830 1701
831 1702
831 1703
832 1704
832 1705
833 1706
833 1707
834 1708
834 1710
835 1711
835 1712
836 1713
836 1714
837 1715
837 1717
838 1718
838 1719
839 1720
839 1721
840 1722
840 1724
841 1725
841 1726
842 1727
842 1729
843 1730
843 1732
844 1733
844 1734
845 1735
845 1738
846 1739
846 1740
845 1741
845 1752
846 1753
846 1754
847 1755
847 1758
848 1759
848 1764
849 1765
847 1767
847 1770
848 1770
849 1769
850 1770
850 1777
851 1778
851 1780
850 1781
850 1786
849 1787
849 1790
850 1791
850 1794
849 1795
849 1797
850 1798
850 1812
849 1813
848 1812
848 1814
849 1815
849 1816
850 1817
850 1820
851 1821
851 1822
850 1823
850 1825
851 1826
851 1830
852 1831
852 1836
854 1838
853 1839
851 1839
851 1841
853 1843
854 1843
856 1845
857 1845
858 1846
864 1846
865 1847
866 1847
867 1848
870 1848
871 1849
871 1850
872 1851
872 1852
873 1853
874 1853
874 1852
875 1851
876 1852
876 1853
877 1854
878 1854
879 1855
881 1855
882 1856
884 1856
885 1857
887 1857
890 1860
891 1860
892 1861
904 1861
905 1860
912 1860
913 1859
917 1859
917 1858
919 1856
920 1857
920 1856
921 1855
921 1850
922 1849
922 1845
923 1844
923 1843
924 1842
924 1841
925 1840
927 1840
927 1838
926 1837
926 1836
925 1835
925 1831
924 1830
924 1826
925 1825
925 1823
926 1822
926 1819
927 1818
927 1816
928 1815
928 1813
930 1811
930 1810
929 1810
927 1808
927 1807
926 1806
926 1796
925 1795
925 1784
924 1783
924 1780
923 1779
924 1778
925 1778
926 1777
926 1776
927 1775
926 1774
926 1773
925 1772
925 1770
924 1769
924 1768
925 1767
929 1767
932 1764
932 1763
933 1762
933 1760
934 1759
934 1755
935 1754
935 1750
934 1749
934 1744
932 1742
932 1741
931 1741
930 1740
928 1740
927 1739
922 1739
920 1741
919 1740
919 1739
918 1738
917 1738
916 1737
915 1737
913 1735
913 1734
912 1733
912 1731
911 1730
911 1726
910 1725
910 1721
909 1720
909 1716
908 1715
908 1710
907 1709
907 1703
906 1702
906 1699
905 1698
905 1693
904 1692
904 1689
903 1688
903 1683
902 1682
902 1678
901 1677
901 1674
900 1673
900 1670
899 1669
899 1665
898 1664
898 1661
897 1660
897 1657
896 1656
896 1653
895 1652
895 1649
894 1648
894 1646
893 1645
893 1642
892 1641
892 1638
891 1637
891 1634
890 1633
890 1629
889 1628
889 1627
890 1626
890 1625
891 1624
891 1622
892 1621
892 1619
893 1618
893 1617
894 1616
894 1614
895 1613
895 1611
896 1610
896 1609
897 1608
897 1607
898 1606
898 1604
899 1603
899 1602
901 1600
901 1599
903 1597
903 1596
905 1594
905 1593
906 1592
906 1591
908 1589
908 1587
909 1586
909 1582
908 1581
907 1581
906 1580
906 1579
905 1578
905 1576
904 1575
904 1574
901 1571
901 1570
897 1566
897 1565
895 1563
895 1562
893 1560
893 1558
892 1557
892 1555
888 1551
888 1549
887 1548
887 1547
886 1546
886 1545
885 1545
883 1543
883 1541
882 1540
882 1539
881 1538
880 1538
878 1536
878 1535
877 1534
877 1533
876 1533
875 1532
875 1531
873 1529
873 1528
872 1527
872 1525
871 1524
871 1520
870 1519
870 1517
869 1516
869 1514
868 1513
868 1512
867 1511
867 1509
866 1508
866 1506
865 1505
865 1504
864 1503
864 1501
863 1500
863 1499
862 1498
862 1488
863 1487
863 1485
864 1484
864 1480
865 1479
865 1475
866 1474
866 1470
867 1469
867 1461
868 1460
868 1454
869 1453
869 1451
870 1450
870 1447
871 1446
871 1443
872 1442
872 1440
873 1439
873 1436
874 1435
874 1433
875 1432
875 1428
876 1427
876 1423
877 1422
877 1418
878 1417
878 1412
879 1411
879 1400
880 1399
880 1367
881 1366
881 1354
882 1353
882 1341
883 1340
883 1313
884 1312
884 1290
885 1289
885 1275
886 1274
886 1269
887 1268
887 1263
888 1262
888 1257
889 1256
889 1250
890 1249
890 1244
891 1243
891 1239
892 1238
892 1232
893 1231
893 1227
894 1226
894 1221
895 1220
895 1209
896 1208
896 1200
897 1199
897 1191
898 1190
898 1182
897 1181
897 1180
896 1179
896 1177
895 1176
895 1175
894 1174
894 1173
893 1172
893 1170
892 1169
892 1167
891 1166
891 1165
889 1163
889 1162
888 1161
888 1160
887 1159
887 1158
885 1156
885 1155
884 1154
884 1153
883 1152
883 1149
882 1148
882 1146
881 1145
881 1141
880 1140
880 1138
883 1135
883 1134
884 1133
884 1127
885 1126
885 1123
886 1122
886 1121
887 1120
887 1114
888 1113
888 1104
889 1103
889 1081
890 1080
890 1076
889 1075
889 1071
890 1070
890 1068
891 1067
891 1058
890 1057
890 1052
891 1051
891 1043
890 1042
890 1035
891 1034
891 1033
892 1032
892 1030
893 1029
893 1027
894 1026
894 1025
895 1024
895 1020
896 1019
896 1013
897 1012
897 994
896 993
896 986
895 985
895 981
894 980
894 975
895 974
895 962
894 961
894 951
893 950
893 946
892 945
892 942
891 941
891 939
892 938
892 933
893 932
893 929
892 928
892 926
888 922
888 921
887 921
886 920
886 916
885 915
885 913
884 912
884 910
883 909
883 899
884 898
884 896
883 895
883 893
882 892
882 891
879 888
878 888
876 886
877 885
877 875
876 874
876 870
877 869
877 857
876 856
876 838
875 837
875 827
874 826
874 819
873 818
873 813
872 812
872 806
871 805
871 801
870 800
870 797
869 796
869 787
868 786
868 774
867 773
867 761
866 760
866 755
865 754
865 749
864 748
864 742
863 741
863 736
862 735
862 731
861 730
861 726
860 725
860 720
861 719
861 718
873 706
874 706
880 700
881 700
884 697
888 697
889 698
891 698
892 699
896 699
897 700
900 700
901 701
903 701
904 702
906 702
907 703
908 703
909 704
910 704
911 705
913 705
914 706
916 706
917 707
921 707
922 708
925 708
926 709
927 709
928 710
929 710
930 711
931 711
932 712
933 712
934 713
936 713
937 714
938 714
939 715
941 715
942 716
943 716
944 717
945 717
951 723
951 724
959 732
959 733
961 735
961 736
962 737
962 738
969 745
970 745
971 746
974 746
977 749
977 750
990 763
991 763
994 766
995 766
997 768
998 768
1000 770
1002 770
1003 771
1004 771
1005 772
1010 772
1011 773
1019 773
1020 772
1021 772
1022 771
1028 771
1029 770
1031 770
1032 769
1033 769
1034 768
1035 768
1037 766
1038 766
1042 762
1043 762
1045 760
1045 759
1048 756
1048 755
1050 753
1050 752
1056 746
1056 745
1057 744
1057 743
1059 741
1059 736
1060 735
1060 733
1061 732
1061 731
1063 729
1063 728
1064 727
1064 726
1065 725
1065 723
1066 722
1066 721
1067 720
1067 712
1068 711
1068 709
1069 708
1069 707
1070 706
1070 704
1071 703
1071 702
1072 701
1072 696
1073 695
1072 694
1072 693
1073 692
1073 690
1074 689
1074 687
1075 686
1075 682
1076 681
1076 680
1077 679
1077 678
1078 677
1078 676
1079 675
1079 491
1078 492
1077 492
1075 494
1074 493
1074 492
1075 491
1075 490
1075 491
1074 492
1073 492
1071 494
1070 493
1070 492
1072 490
1073 490
1072 490
1071 491
1069 489
1068 490
1066 490
1065 491
1064 490
1063 491
1062 491
1061 492
1060 491
1059 491
1059 492
1057 494
1056 494
1055 493
1056 494
1056 495
1055 496
1054 496
1053 495
1052 495
1055 498
1053 500
1052 500
1051 499
1052 498
1051 497
1052 498
1051 499
1048 499
1049 499
1050 500
1048 502
1046 500
1043 503
1043 504
1042 505
1042 506
1041 507
1040 507
1041 507
1042 508
1040 510
1040 511
1039 512
1039 514
1038 515
1039 514
1040 515
1041 515
1042 514
1043 515
1044 515
1045 514
1046 515
1047 515
1048 514
1050 514
1051 515
1053 515
1054 516
1054 517
1051 520
1051 521
1049 523
1049 524
1048 525
1048 526
1046 528
1046 529
1045 530
1037 530
1035 532
1033 530
1029 530
1029 531
1034 531
1035 532
1034 533
1034 534
1029 539
1029 540
1025 544
1025 545
1021 549
1021 550
1018 553
1017 553
1016 554
1015 553
1013 553
1011 551
1010 551
1009 550
1007 550
1006 549
1003 549
1002 548
1000 548
999 547
995 547
994 546
991 546
990 545
989 545
988 544
987 544
985 542
984 542
983 541
982 541
980 539
979 539
978 538
977 538
976 537
975 537
974 536
973 536
972 535
970 535
969 534
968 534
967 533
966 533
965 532
964 532
963 531
962 531
961 530
959 530
958 529
957 529
956 528
954 528
953 527
950 527
949 526
945 526
944 525
941 525
940 524
938 524
937 523
933 523
932 522
929 522
928 521
926 521
925 520
922 520
921 519
917 519
916 518
913 518
912 517
910 517
909 516
906 516
905 515
901 515
900 514
897 514
896 513
893 513
892 512
890 512
889 511
886 511
882 507
881 507
877 503
876 503
875 502
874 502
872 500
871 500
870 499
869 499
868 498
867 498
866 497
865 497
864 496
863 496
862 495
861 495
860 494
859 494
858 493
857 493
856 492
855 492
854 491
852 491
851 490
850 490
849 489
848 489
847 488
846 488
845 487
844 487
843 486
842 486
841 485
840 485
839 484
838 484
837 483
835 483
834 482
833 482
832 481
830 481
829 480
826 480
825 479
820 479
819 478
811 478
810 477
779 477
778 478
772 478
771 479
766 479
765 480
762 480
761 481
760 481
759 482
758 482
757 483
755 481
754 481
753 480
752 480
751 479
749 479
747 477
746 477
745 476
744 476
743 475
741 475
740 474
739 474
738 473
737 473
735 471
733 471
732 470

