653 447
652 448
650 448
648 450
647 450
646 451
643 451
642 452
640 452
639 453
637 453
636 452
636 450
629 450
629 451
631 451
632 452
633 452
634 451
635 451
636 452
636 453
635 454
633 454
632 455
629 455
628 456
626 456
624 458
622 458
623 459
622 460
621 460
620 459
620 458
618 458
618 459
619 459
620 460
620 461
619 462
617 462
612 467
611 467
608 470
607 470
599 478
599 479
598 480
598 481
597 482
597 483
596 484
596 485
595 486
595 487
593 489
593 490
588 495
588 497
587 498
587 499
586 500
586 501
584 503
584 504
581 507
581 509
579 511
579 512
578 513
578 514
577 515
577 517
576 518
576 519
575 520
575 521
573 523
573 525
572 526
572 528
570 530
570 531
569 532
569 533
568 534
568 536
567 537
567 538
566 539
566 542
564 544
564 545
563 546
563 548
562 549
562 552
561 553
561 557
560 558
560 560
559 561
559 562
558 563
558 567
557 568
557 569
556 570
556 571
555 572
555 575
554 576
554 585
553 586
553 587
554 588
553 589
553 590
554 591
554 592
553 593
553 594
552 595
552 604
553 605
553 608
552 609
552 642
553 643
553 654
554 655
554 656
553 657
553 665
554 666
554 667
555 668
555 671
556 672
556 679
557 680
557 695
558 696
558 699
559 700
559 703
560 704
560 707
561 708
561 711
560 712
561 713
561 714
562 715
562 718
563 719
563 723
565 725
563 727
562 727
561 728
560 727
561 728
561 729
562 730
562 728
563 727
564 727
565 728
565 731
566 731
567 732
565 734
564 734
563 733
562 734
562 740
564 742
564 744
564 743
565 742
563 740
563 739
565 737
566 738
567 738
568 739
568 742
569 743
569 745
570 746
570 749
571 750
570 751
571 752
571 753
572 754
572 759
573 760
573 763
574 764
574 765
575 766
575 767
576 768
576 769
575 770
576 771
576 773
578 775
578 776
580 778
580 781
581 782
581 784
582 785
582 787
583 787
584 788
584 791
585 792
585 794
587 796
586 797
587 798
587 800
586 801
586 803
585 804
585 807
584 808
584 811
583 812
582 812
582 814
581 815
579 815
578 814
579 813
579 811
580 810
579 810
579 811
578 812
577 812
576 811
576 809
576 811
577 812
577 815
576 816
576 817
575 818
576 818
576 817
577 816
577 815
578 814
579 815
579 816
580 817
580 818
579 819
579 822
577 824
577 825
575 827
574 827
575 828
574 829
574 830
573 831
572 830
570 830
568 828
568 827
567 828
567 830
566 831
565 830
564 830
564 831
563 832
563 833
562 834
561 834
561 835
560 836
560 838
561 839
562 839
563 840
562 841
560 841
560 844
559 845
557 845
557 846
558 847
555 850
555 851
552 854
552 855
551 856
551 857
550 858
550 863
549 864
549 866
548 867
548 871
547 872
547 875
546 876
546 879
543 882
543 883
542 884
541 884
540 885
539 885
538 886
537 886
530 893
529 893
527 895
526 895
523 898
522 898
521 899
520 899
520 900
519 901
517 901
516 902
515 902
514 903
511 903
509 905
504 905
503 906
500 906
499 907
487 907
486 906
485 907
484 906
478 906
477 905
472 905
471 904
470 905
469 904
467 904
466 903
463 903
462 902
460 902
459 901
450 901
449 900
445 900
444 899
442 899
441 898
438 898
437 897
435 897
434 896
431 896
430 895
427 895
426 894
423 894
422 893
420 893
419 892
417 892
416 891
413 891
412 890
408 890
407 889
404 889
403 888
399 888
398 887
394 887
393 886
391 886
390 885
387 885
386 884
382 884
381 883
376 883
375 882
373 882
372 881
369 881
368 880
367 880
366 881
365 881
364 880
363 880
362 879
360 879
358 877
357 877
356 876
355 876
354 875
352 875
351 874
348 874
347 873
345 873
345 874
344 875
343 875
343 880
348 885
348 886
353 891
353 892
367 906
368 906
374 912
375 912
377 914
378 914
380 916
381 916
383 918
384 918
387 921
387 922
388 923
387 924
387 926
386 927
385 927
385 928
383 930
382 930
381 931
381 932
381 931
382 930
386 930
388 928
393 928
394 929
395 929
397 931
397 932
398 932
402 936
401 937
402 937
403 938
403 940
404 940
405 941
405 943
404 944
404 947
403 948
404 947
405 948
405 949
407 951
407 952
406 953
407 952
408 953
410 953
411 954
411 955
408 958
407 958
405 960
404 960
401 963
400 963
396 967
396 968
395 969
396 970
397 970
400 967
401 967
402 966
403 967
404 966
406 966
407 965
408 965
410 963
415 963
418 966
418 969
416 971
417 972
416 973
416 975
418 975
422 979
422 986
423 987
423 988
425 990
425 991
426 992
426 995
425 996
425 1000
424 1001
424 1005
425 1006
425 1009
426 1010
426 1011
425 1012
425 1013
415 1023
415 1024
413 1026
413 1027
412 1028
413 1029
413 1030
416 1033
416 1034
418 1036
418 1037
419 1038
419 1040
420 1041
420 1044
421 1045
421 1049
420 1050
420 1054
419 1055
420 1056
420 1057
419 1058
419 1074
418 1075
418 1079
417 1080
417 1083
416 1084
416 1086
415 1087
415 1091
414 1092
414 1115
415 1116
415 1121
414 1122
414 1126
415 1127
414 1128
415 1129
415 1135
416 1136
416 1138
417 1139
417 1140
419 1142
419 1144
420 1145
420 1147
421 1148
421 1150
422 1151
422 1152
423 1153
423 1155
424 1156
424 1157
425 1158
425 1159
426 1160
426 1161
427 1162
427 1163
428 1164
428 1165
430 1167
430 1168
439 1177
439 1178
458 1197
459 1197
464 1202
464 1203
465 1204
465 1205
466 1206
466 1207
467 1208
467 1215
466 1216
467 1217
467 1219
469 1221
469 1222
470 1223
470 1228
469 1229
469 1230
467 1232
467 1234
466 1235
466 1236
462 1240
462 1241
461 1242
462 1243
460 1245
457 1245
458 1246
458 1248
459 1249
459 1253
460 1254
460 1256
461 1257
462 1256
462 1255
463 1254
465 1254
465 1253
466 1252
467 1253
467 1257
468 1258
467 1259
467 1262
466 1263
466 1264
465 1265
465 1266
466 1267
466 1268
467 1267
468 1268
468 1271
467 1272
467 1275
468 1276
468 1278
468 1277
469 1276
471 1276
471 1274
472 1273
472 1270
473 1269
474 1269
474 1266
475 1265
476 1265
476 1262
477 1261
479 1261
479 1258
480 1257
481 1257
481 1255
483 1253
484 1254
484 1257
486 1257
487 1258
487 1259
488 1260
488 1261
491 1261
491 1258
492 1257
494 1257
494 1255
495 1254
496 1255
496 1257
497 1257
498 1256
498 1255
500 1253
501 1254
501 1256
502 1256
502 1254
503 1253
504 1254
504 1257
507 1257
508 1256
509 1256
508 1255
508 1253
505 1250
504 1250
503 1249
503 1247
504 1246
505 1246
506 1245
509 1245
510 1246
511 1246
512 1247
513 1247
515 1249
517 1249
518 1250
522 1250
523 1251
524 1251
525 1252
527 1252
528 1253
529 1253
530 1254
532 1254
533 1255
534 1255
535 1256
536 1256
537 1257
538 1257
539 1258
542 1258
543 1259
546 1259
547 1260
553 1260
554 1259
557 1259
558 1258
564 1258
565 1257
566 1258
568 1258
570 1260
570 1263
571 1264
571 1278
572 1279
572 1287
573 1288
572 1289
572 1294
573 1295
572 1296
572 1297
573 1298
573 1311
574 1312
574 1320
575 1321
575 1322
574 1323
575 1324
575 1334
576 1335
576 1341
577 1342
577 1346
578 1347
578 1349
579 1350
579 1352
580 1353
580 1355
581 1356
581 1359
582 1360
582 1362
583 1363
583 1374
582 1375
582 1385
581 1386
581 1401
582 1402
582 1406
583 1407
583 1410
584 1411
584 1414
585 1415
585 1417
586 1418
586 1419
587 1420
587 1421
591 1425
594 1425
595 1426
596 1426
598 1428
601 1428
602 1429
603 1429
604 1430
606 1430
607 1431
609 1431
610 1432
612 1432
613 1433
615 1433
617 1435
618 1435
619 1436
620 1435
622 1437
625 1437
626 1438
631 1438
632 1439
647 1439
648 1438
652 1438
653 1437
655 1437
656 1436
659 1436
660 1435
661 1435
662 1434
664 1434
665 1433
666 1433
667 1432
668 1432
669 1431
670 1431
680 1421
680 1420
681 1419
681 1418
682 1417
682 1416
683 1415
683 1414
684 1413
684 1411
685 1410
685 1407
686 1406
686 1395
685 1394
685 1390
684 1389
684 1385
683 1384
683 1382
682 1381
682 1378
681 1377
681 1375
680 1374
680 1372
679 1371
679 1367
680 1366
680 1365
681 1364
681 1361
682 1360
682 1359
681 1358
681 1350
682 1349
682 1345
681 1344
681 1342
680 1341
680 1338
679 1337
679 1334
678 1333
678 1330
677 1329
677 1324
676 1323
676 1313
675 1312
676 1311
676 1310
677 1309
678 1309
679 1308
680 1308
681 1307
683 1309
683 1312
684 1313
684 1315
685 1316
685 1321
686 1322
686 1335
687 1336
687 1344
688 1345
687 1346
688 1347
688 1349
689 1350
689 1358
690 1359
690 1360
694 1364
693 1365
692 1365
691 1366
691 1370
694 1370
694 1369
693 1368
693 1365
694 1364
695 1364
696 1365
696 1366
700 1370
701 1370
702 1371
702 1372
703 1372
705 1374
705 1375
706 1376
705 1377
706 1377
707 1376
708 1376
709 1377
710 1376
711 1377
712 1377
713 1378
716 1378
717 1377
719 1377
720 1376
721 1376
723 1374
724 1374
725 1373
728 1373
729 1372
730 1372
731 1373
731 1377
732 1378
732 1376
735 1373
736 1373
739 1370
739 1369
738 1369
736 1371
734 1371
733 1370
738 1365
739 1365
741 1363
746 1363
746 1362
747 1361
748 1361
749 1360
751 1360
752 1361
750 1363
750 1364
747 1367
747 1368
746 1369
746 1370
744 1372
744 1373
743 1374
743 1375
741 1377
741 1378
740 1379
740 1380
739 1381
739 1382
737 1384
737 1385
735 1387
735 1388
734 1389
734 1390
733 1391
733 1392
732 1393
732 1395
731 1396
731 1400
730 1401
730 1404
729 1405
729 1407
728 1408
728 1409
727 1410
727 1411
726 1412
726 1414
725 1415
725 1416
724 1417
724 1419
723 1420
723 1422
722 1423
722 1425
721 1426
721 1431
720 1432
720 1433
719 1434
719 1435
717 1437
716 1437
714 1439
714 1440
711 1443
711 1446
709 1448
709 1450
708 1451
708 1452
707 1453
707 1454
706 1455
706 1457
704 1459
704 1461
703 1462
703 1463
702 1464
702 1465
701 1466
701 1469
700 1470
700 1472
699 1473
699 1476
698 1477
698 1478
697 1479
697 1480
696 1481
696 1483
695 1484
695 1485
694 1486
694 1488
693 1489
693 1491
692 1492
692 1494
691 1495
691 1497
690 1498
690 1502
689 1503
689 1506
688 1507
688 1510
687 1511
687 1514
686 1515
686 1527
687 1528
687 1530
688 1531
688 1532
689 1533
689 1534
691 1536
691 1537
692 1538
692 1539
694 1541
694 1542
695 1543
695 1544
697 1546
697 1547
698 1547
699 1548
699 1549
701 1551
702 1551
704 1553
705 1553
706 1554
707 1554
710 1557
729 1557
730 1558
749 1558
750 1559
753 1559
754 1560
760 1560
761 1561
763 1561
764 1562
771 1562
772 1563
775 1563
776 1562
786 1562
787 1561
791 1561
793 1559
794 1559
795 1558
797 1558
798 1557
799 1557
802 1554
803 1554
808 1549
808 1548
810 1546
810 1545
812 1543
812 1542
813 1541
813 1540
814 1539
814 1538
815 1537
815 1536
816 1535
816 1534
817 1533
817 1532
818 1531
818 1529
819 1528
819 1525
820 1524
820 1520
821 1519
821 1514
820 1513
820 1502
819 1501
819 1493
820 1492
820 1486
821 1485
821 1481
822 1480
822 1477
823 1476
823 1475
824 1474
824 1472
825 1471
825 1469
826 1468
826 1466
827 1465
827 1463
828 1462
828 1460
829 1459
829 1458
831 1456
831 1455
832 1454
832 1453
833 1452
833 1451
835 1449
835 1447
836 1446
836 1444
838 1442
838 1440
839 1439
839 1436
840 1435
840 1433
842 1431
842 1429
843 1428
843 1425
844 1424
844 1423
845 1422
845 1421
847 1419
847 1418
855 1410
856 1411
857 1410
858 1410
863 1405
863 1404
865 1402
865 1401
866 1400
867 1400
867 1399
869 1397
869 1396
870 1395
870 1394
871 1393
871 1392
872 1391
872 1390
873 1389
873 1386
874 1385
874 1384
876 1382
876 1380
879 1377
879 1376
880 1375
880 1374
882 1372
882 1371
884 1369
884 1368
885 1367
885 1366
887 1364
887 1363
888 1362
888 1361
889 1360
890 1360
890 1358
892 1356
892 1354
895 1351
895 1349
896 1348
897 1348
898 1347
898 1345
900 1343
901 1344
901 1341
902 1340
903 1340
904 1339
904 1337
905 1336
906 1336
906 1335
907 1334
907 1333
910 1330
910 1329
913 1326
913 1325
914 1324
915 1324
916 1323
916 1321
919 1318
921 1320
921 1325
923 1325
926 1328
928 1328
929 1327
929 1326
931 1324
931 1322
932 1321
932 1319
933 1318
933 1316
934 1315
934 1313
935 1312
935 1308
933 1308
932 1307
929 1310
928 1310
926 1312
924 1310
926 1308
926 1307
927 1306
927 1304
928 1303
930 1303
931 1304
930 1303
930 1301
931 1300
932 1300
931 1299
932 1298
933 1298
933 1297
935 1295
935 1293
936 1292
936 1291
937 1290
937 1288
938 1287
937 1286
939 1284
939 1280
940 1279
940 1277
941 1276
941 1275
942 1274
943 1274
944 1273
945 1274
947 1272
946 1271
948 1269
948 1268
949 1267
949 1266
950 1265
950 1263
951 1262
951 1259
952 1258
951 1257
951 1255
952 1254
952 1253
953 1252
952 1251
952 1249
953 1248
953 1242
954 1241
954 1238
955 1237
954 1236
955 1235
953 1233
953 1232
952 1232
951 1231
951 1230
952 1229
953 1230
954 1229
953 1230
951 1228
952 1227
952 1223
954 1221
953 1222
952 1221
952 1219
953 1218
952 1217
952 1214
953 1213
953 1212
954 1211
953 1212
952 1211
952 1209
953 1208
952 1207
952 1204
953 1203
953 1197
952 1196
953 1195
953 1194
954 1193
952 1191
952 1189
953 1188
955 1188
956 1187
957 1187
957 1184
955 1184
956 1184
957 1185
957 1186
956 1187
955 1186
955 1187
954 1188
953 1187
953 1186
952 1185
953 1184
952 1183
952 1182
951 1181
953 1179
953 1178
954 1177
956 1179
956 1181
955 1182
958 1182
958 1173
959 1172
959 1170
958 1169
958 1156
959 1155
959 1150
960 1149
960 1134
961 1133
960 1132
960 1131
959 1130
960 1129
959 1128
958 1129
957 1129
957 1130
954 1133
954 1135
953 1136
953 1137
952 1138
952 1142
951 1143
950 1143
948 1141
949 1140
949 1137
948 1136
948 1135
949 1134
950 1134
950 1133
949 1132
949 1130
950 1129
949 1130
948 1130
946 1128
946 1127
947 1126
949 1126
949 1124
948 1123
948 1122
949 1121
950 1121
951 1122
952 1121
954 1121
954 1118
955 1117
954 1117
953 1116
953 1114
952 1114
951 1113
953 1111
954 1111
954 1110
955 1109
955 1108
956 1107
956 1105
957 1104
957 1103
956 1102
956 1101
955 1101
953 1099
953 1098
954 1097
955 1098
956 1097
956 1095
955 1094
955 1093
956 1092
956 1090
955 1089
957 1087
958 1087
958 1081
959 1080
958 1079
959 1078
960 1078
960 1076
959 1075
960 1074
960 1068
961 1067
961 1059
962 1058
962 1051
961 1050
962 1049
962 1048
961 1047
962 1046
961 1045
961 1044
960 1043
960 1028
959 1027
959 1013
958 1012
958 1009
957 1008
959 1006
959 1005
960 1004
960 997
959 996
959 993
958 992
958 990
957 989
957 986
956 985
954 985
953 984
954 983
954 971
953 970
953 959
952 958
952 953
951 952
952 951
953 951
954 952
954 953
955 954
955 955
956 954
959 957
959 958
960 959
960 960
962 962
962 963
964 965
964 966
966 968
966 969
967 970
967 971
969 973
969 974
971 976
971 977
974 980
974 981
980 987
982 987
982 986
983 985
984 985
984 982
985 981
985 979
984 978
984 972
983 971
983 966
982 965
982 960
981 959
981 957
980 956
980 951
978 949
978 947
976 945
976 944
975 943
974 943
973 942
973 939
972 939
971 938
971 937
968 934
968 933
965 930
965 929
964 928
963 928
962 927
962 926
961 925
961 924
960 924
958 922
958 921
956 919
956 916
957 915
958 916
957 915
956 916
953 913
953 908
952 907
952 905
951 904
951 901
950 900
950 898
949 897
949 895
948 894
948 891
946 889
946 887
945 886
945 884
944 883
944 882
945 881
945 880
946 879
946 878
945 879
945 881
944 882
943 881
943 879
942 878
943 877
943 875
944 874
944 873
945 872
946 873
946 876
946 875
948 873
947 872
947 868
946 868
945 867
946 866
946 865
945 864
945 862
943 860
943 858
940 855
940 854
939 853
939 851
938 850
938 849
937 848
937 847
936 846
936 845
935 844
935 841
934 841
932 839
931 839
930 838
929 839
928 838
923 838
921 836
921 832
920 831
920 830
919 829
919 827
918 826
918 824
920 822
920 821
918 819
919 818
919 817
921 815
921 814
919 812
919 811
918 810
918 808
917 808
916 809
915 809
914 808
915 807
914 807
912 805
911 805
909 803
908 803
907 802
906 802
905 801
904 801
903 800
903 798
901 796
896 796
895 795
896 794
898 794
897 793
897 792
896 791
895 791
893 789
893 788
890 788
892 790
894 790
895 791
894 792
892 792
893 793
893 794
892 795
890 795
887 792
887 791
886 790
886 789
885 788
885 786
882 783
882 782
880 780
880 779
877 776
877 775
873 771
873 770
867 764
867 763
866 763
865 762
865 761
859 755
858 755
856 753
856 752
857 751
858 752
859 752
860 751
860 748
859 747
858 748
858 750
857 751
854 751
850 747
849 747
848 746
847 746
840 739
839 739
838 738
837 738
831 732
830 732
827 729
826 729
825 728
824 728
821 725
818 725
817 724
816 724
814 722
813 722
812 721
810 721
808 719
807 719
806 718
804 718
803 717
799 717
798 716
797 716
796 715
796 714
795 714
794 713
794 711
792 709
780 709
779 708
778 708
777 707
776 707
775 706
774 706
772 704
771 704
764 697
764 696
762 694
762 693
760 691
760 690
758 688
758 687
757 686
757 685
754 682
754 681
751 678
750 678
749 677
746 677
745 676
723 676
722 677
721 676
719 676
718 675
719 674
718 674
718 675
719 676
721 676
722 677
718 681
718 682
717 683
717 688
718 689
718 692
719 693
719 695
718 696
715 693
714 693
714 694
715 695
715 699
716 700
718 700
718 696
719 695
720 696
720 697
721 698
721 699
724 702
724 703
723 704
722 704
721 705
718 705
717 706
712 706
711 707
697 707
696 708
690 708
689 709
686 709
685 710
682 710
681 711
679 711
678 712
676 712
675 713
674 713
673 714
671 714
670 715
668 715
666 717
664 717
662 719
661 719
660 720
657 720
656 719
656 716
658 714
658 713
660 711
660 710
655 710
654 709
654 708
653 707
653 706
648 706
647 705
647 704
648 703
648 697
647 696
647 697
646 698
645 698
644 699
644 700
645 701
645 702
644 703
642 701
642 700
640 698
640 697
638 695
638 694
637 694
635 692
635 691
633 689
633 688
632 687
632 686
630 684
630 683
629 682
629 681
628 680
628 678
627 677
627 673
626 672
627 671
628 671
629 670
629 666
629 669
628 670
626 670
623 667
623 663
620 660
620 658
619 657
619 653
618 652
618 650
617 649
617 648
616 647
616 639
617 638
616 637
617 636
616 635
616 627
615 626
615 625
616 624
616 617
615 616
615 615
616 614
616 610
617 609
617 604
618 603
618 602
619 601
621 601
621 596
619 598
618 598
617 597
617 595
618 594
618 588
619 587
619 585
620 584
620 582
621 581
621 580
622 579
622 578
623 577
623 575
624 574
624 573
625 572
625 571
626 570
626 568
628 566
628 564
629 563
629 561
630 560
630 557
631 556
631 555
633 553
634 553
634 552
635 551
635 550
636 549
636 548
638 546
638 545
639 544
640 544
640 542
641 541
643 541
642 540
642 539
644 537
645 538
646 538
647 539
650 539
650 531
648 531
647 530
648 529
648 526
649 525
649 523
650 522
650 519
651 518
651 517
656 512
658 512
659 511
660 511
668 503
668 502
673 497
673 496
675 494
675 493
676 492
677 492
677 490
678 489
678 487
679 486
679 485
680 484
680 482
681 481
681 479
682 478
682 474
683 473
683 468
684 467
683 466
683 464
682 463
681 463
680 462
677 462
674 459
672 459
671 458
670 458
669 457
668 457
667 456
666 456
665 455
664 455
656 447

