701 797
701 798
700 799
694 799
693 800
691 800
691 801
693 803
692 804
692 805
691 806
690 806
689 807
688 807
687 806
686 807
688 809
688 810
687 811
686 810
685 810
685 813
683 815
682 815
682 818
681 819
680 818
680 821
681 822
681 823
679 825
677 823
677 824
678 825
678 826
677 827
676 827
675 828
674 828
672 826
671 827
669 827
668 826
667 826
664 829
664 830
662 832
661 831
661 828
660 828
659 829
658 829
657 828
656 828
655 829
653 829
653 831
654 832
653 833
651 833
650 834
649 833
649 832
650 831
651 831
651 830
650 831
649 830
647 830
645 832
644 832
643 833
642 833
641 832
642 831
642 830
641 830
640 831
638 831
637 830
637 829
636 829
635 830
634 830
633 829
633 828
632 828
631 829
630 829
629 828
628 828
627 827
627 828
626 829
625 829
624 828
617 828
616 827
616 826
610 826
609 827
608 826
603 826
603 827
604 828
603 829
602 829
601 830
599 830
598 831
597 831
597 834
596 835
595 835
596 836
595 837
594 837
594 838
593 839
592 839
591 838
590 839
590 840
588 842
587 841
588 842
586 844
585 843
583 843
583 844
582 845
582 846
583 847
581 849
580 849
579 850
577 850
579 850
580 851
580 853
581 854
580 855
579 855
576 852
575 852
574 851
574 850
573 849
573 850
574 851
574 852
573 853
572 853
572 854
570 856
568 856
567 855
566 855
566 857
565 858
564 857
564 855
563 856
558 856
556 854
554 854
556 854
559 857
559 858
558 859
556 857
555 858
555 859
554 860
550 856
549 856
548 855
548 853
547 852
546 852
546 854
545 855
544 854
544 853
542 851
543 850
544 850
544 849
543 848
543 846
542 845
542 844
543 843
542 843
541 842
542 841
542 839
540 837
540 836
539 836
538 837
537 837
536 836
535 836
533 838
532 837
532 836
534 834
534 833
533 832
533 831
536 828
535 828
534 827
534 826
533 825
531 827
530 826
529 826
530 827
530 828
531 828
533 826
535 828
534 829
534 830
533 831
532 830
529 830
527 828
527 827
526 827
526 830
524 832
524 833
523 834
522 833
522 828
521 828
519 826
514 826
513 825
514 824
515 824
514 824
513 825
511 825
510 824
510 825
509 826
508 825
508 824
507 823
504 823
503 822
504 821
503 821
502 822
501 822
500 823
500 824
499 825
498 824
498 822
497 821
497 820
496 819
495 819
496 820
496 822
499 825
499 827
498 828
493 823
494 822
493 821
491 821
490 820
490 819
488 819
487 818
489 816
490 816
491 815
493 815
488 815
487 814
487 815
486 816
485 816
484 817
483 817
482 816
482 815
484 813
484 812
485 811
485 810
484 810
483 811
484 812
483 813
480 813
478 815
477 815
477 816
476 817
477 818
477 819
475 821
474 820
474 819
474 820
475 821
475 822
471 826
471 829
467 833
466 833
464 835
465 835
466 836
465 837
462 837
460 839
458 839
457 838
457 840
454 843
454 844
453 845
452 845
451 844
451 846
450 847
449 846
448 846
446 844
446 843
445 842
446 841
445 840
445 839
444 838
444 837
443 836
443 835
444 834
445 834
444 833
443 833
441 831
441 830
440 829
441 828
440 827
433 827
432 826
433 825
433 824
432 823
432 822
430 820
428 820
427 821
426 821
425 822
425 823
424 824
421 824
420 823
420 822
421 821
422 821
422 820
421 820
421 821
420 822
419 822
418 821
416 821
415 820
414 821
415 822
412 825
411 824
410 824
409 825
407 825
406 824
406 823
407 822
405 822
404 821
402 821
401 822
401 824
402 825
402 826
400 828
400 832
399 833
397 831
397 830
396 829
396 828
394 826
390 826
389 827
388 827
388 830
386 832
385 832
384 833
382 831
384 833
384 834
382 836
381 836
380 835
380 833
379 833
378 832
378 833
377 834
376 834
375 835
373 835
371 837
371 838
370 839
369 838
368 839
367 839
366 838
364 838
363 839
362 839
361 838
362 837
359 837
357 835
357 833
356 833
355 834
354 834
353 835
352 835
351 834
350 834
349 833
349 834
348 835
346 835
344 833
344 834
343 835
341 835
340 836
338 836
337 835
334 835
335 835
337 837
336 838
336 839
339 842
338 843
336 843
333 840
333 839
334 838
333 837
330 837
330 838
332 838
333 839
333 840
332 841
331 840
329 840
328 841
327 840
327 839
328 838
327 838
326 837
326 836
325 836
324 835
321 835
319 833
319 834
320 835
320 836
319 837
317 837
316 836
316 834
316 835
315 836
314 836
314 838
313 839
312 839
311 838
311 836
312 835
311 835
309 837
308 837
308 839
307 840
306 840
305 841
303 841
302 840
301 840
300 841
300 843
297 846
296 845
295 846
288 846
287 845
287 846
288 847
289 847
290 848
290 849
288 851
285 851
284 852
284 854
283 855
282 855
281 854
281 853
281 854
280 855
279 854
276 854
275 853
275 852
270 857
269 856
268 857
267 856
266 857
265 857
264 858
262 856
262 855
259 858
257 856
253 856
252 855
250 857
247 857
246 856
247 855
247 854
247 855
246 856
245 855
243 855
242 854
241 854
239 852
237 854
236 853
236 849
235 848
232 848
230 850
229 849
229 848
230 847
229 846
228 847
228 848
227 849
225 847
224 847
223 846
222 847
221 846
221 844
220 843
220 842
219 842
218 841
218 840
218 841
217 842
218 843
217 844
216 844
215 843
214 843
213 842
213 841
214 840
215 841
214 840
214 839
213 839
212 840
211 840
210 839
211 838
211 837
209 837
208 838
207 837
206 838
204 836
204 837
203 838
202 838
200 836
199 836
198 835
199 834
198 834
197 833
196 834
195 834
194 833
193 833
191 831
189 831
188 830
187 830
186 831
184 829
184 831
183 832
182 832
181 831
181 830
177 830
176 831
176 833
175 834
172 834
171 833
174 830
174 829
175 828
173 830
172 830
171 831
169 831
167 829
167 831
165 833
164 832
163 832
162 831
160 831
160 832
159 833
158 833
157 832
155 832
153 830
152 831
151 830
151 829
150 828
149 828
149 829
150 830
151 830
152 831
152 832
150 834
152 836
152 837
151 838
150 838
148 836
147 836
146 835
145 835
144 834
142 834
141 833
141 832
140 831
139 831
138 830
138 828
137 827
137 830
136 831
135 831
133 833
131 833
130 832
131 831
132 831
131 831
130 832
129 832
129 833
130 833
131 834
133 834
135 836
135 837
134 838
134 839
135 840
133 842
132 842
131 843
129 841
130 840
131 840
132 839
130 839
130 840
129 841
127 841
126 842
125 842
122 839
122 838
120 838
121 838
122 839
122 841
121 842
120 842
117 839
116 839
114 837
113 837
112 836
111 836
110 835
106 835
105 836
104 835
102 835
102 837
101 838
97 838
96 837
96 836
95 835
91 835
90 836
90 837
89 838
88 838
88 842
89 843
89 844
88 845
88 849
87 850
88 851
87 852
87 853
86 854
86 859
79 866
79 867
78 868
76 866
74 868
73 868
72 867
66 867
65 866
64 866
62 864
62 863
61 863
60 864
59 864
58 863
56 865
51 865
50 864
52 862
52 860
51 859
54 856
55 857
55 858
54 859
55 860
57 858
56 858
55 857
56 856
56 854
55 854
56 855
56 856
55 857
54 856
53 856
51 854
50 854
49 853
47 853
46 852
42 852
44 852
45 853
48 853
50 855
50 856
48 858
47 857
47 856
46 856
45 857
44 857
43 856
42 856
41 855
40 855
39 856
38 856
37 855
37 853
36 854
31 854
30 853
28 853
26 851
26 850
27 849
26 850
22 850
21 849
21 846
24 843
24 842
25 841
24 841
23 840
20 840
19 839
17 839
17 841
18 842
17 843
16 843
13 840
14 839
7 839
7 840
9 840
10 841
10 840
11 839
12 839
14 841
14 843
15 844
15 845
16 846
17 846
18 847
18 849
17 850
13 846
13 845
11 843
13 845
11 847
9 847
8 848
7 847
6 847
4 845
4 844
3 843
3 842
2 842
1 841
1 840
2 839
1 840
0 840
0 928
1 928
2 927
2 926
3 925
4 926
4 929
5 929
6 928
6 926
7 925
8 926
8 927
9 927
10 926
14 926
17 929
19 929
19 928
20 927
23 927
24 928
25 927
26 928
26 931
27 930
28 930
29 931
28 932
28 934
29 935
30 935
31 934
34 934
33 934
32 933
32 931
30 931
29 930
30 929
30 928
29 929
28 929
27 928
29 926
29 925
30 924
33 924
34 923
35 923
38 926
40 926
41 925
42 925
43 926
43 927
44 928
45 927
45 926
46 925
47 926
48 926
50 928
51 928
52 929
52 931
53 931
54 930
55 930
56 931
58 929
59 929
62 932
61 931
61 930
62 929
66 933
68 933
69 934
70 934
71 935
71 937
73 937
72 936
72 935
73 934
74 934
75 935
76 934
78 934
79 935
80 934
81 934
82 933
83 934
84 934
85 935
86 935
87 936
87 938
89 936
90 937
93 937
94 936
96 936
98 938
99 938
100 939
100 941
101 941
103 939
104 940
105 939
106 939
108 941
109 940
110 940
111 939
113 939
114 938
117 938
118 937
120 937
121 938
122 938
123 937
127 937
128 938
128 939
130 941
131 941
132 940
133 941
133 942
134 942
135 943
136 943
136 941
134 939
134 938
135 937
136 937
137 936
138 937
139 937
139 935
142 932
143 932
144 933
142 935
142 936
144 934
148 934
151 931
156 931
157 932
158 932
159 931
160 932
160 935
159 936
158 936
160 936
162 938
162 939
161 940
160 940
159 939
158 940
158 941
156 943
156 944
155 945
154 944
153 945
154 946
153 947
152 947
155 947
155 946
156 945
156 944
158 942
159 943
160 943
162 945
162 944
161 943
161 942
162 941
164 943
168 943
169 942
170 943
174 943
176 945
177 945
178 944
179 944
177 942
177 941
178 940
179 940
180 939
182 939
182 938
183 937
184 937
185 938
185 940
184 941
183 941
183 942
185 944
187 944
188 945
190 945
190 944
188 944
187 943
188 942
189 942
190 941
191 941
191 940
193 938
194 939
194 938
195 937
197 939
197 942
198 942
200 940
201 940
202 941
201 942
202 943
202 944
201 945
200 945
199 944
197 944
197 945
201 945
202 946
204 946
202 946
201 945
202 944
206 944
206 943
205 942
207 940
209 942
213 942
215 944
217 944
218 945
219 945
220 946
219 947
218 947
218 948
219 948
220 947
221 947
222 948
224 948
226 950
226 952
225 953
224 953
223 954
221 954
222 955
222 956
223 957
222 958
221 958
222 958
223 957
226 957
227 958
226 959
225 959
224 960
223 960
224 960
227 963
229 963
230 964
232 964
233 965
233 966
232 967
229 967
228 966
226 966
226 967
227 968
229 968
230 969
229 970
229 972
228 973
227 973
226 972
217 972
216 971
214 971
214 974
213 975
212 975
211 974
208 974
207 975
206 975
205 974
204 975
204 976
203 977
201 975
201 974
201 975
200 976
199 976
198 975
197 975
197 976
196 977
194 977
193 978
192 978
192 979
191 980
189 980
187 978
188 977
189 977
188 976
188 974
189 973
188 974
187 974
186 973
185 974
180 974
179 973
179 974
180 975
180 976
179 977
179 978
180 979
178 981
177 981
176 980
176 978
175 978
174 979
173 979
172 980
171 980
170 981
167 981
166 980
158 980
157 981
156 981
154 979
153 979
152 980
151 979
151 978
149 976
148 976
148 979
146 981
144 979
144 978
143 977
141 979
139 979
138 980
137 980
136 979
135 979
134 980
132 980
131 981
132 981
133 982
133 984
132 985
133 986
133 987
134 986
135 987
135 988
134 989
131 989
129 987
129 985
128 984
128 982
129 981
129 980
124 980
123 981
125 981
126 982
123 985
120 985
118 983
118 980
116 980
116 982
115 983
114 982
113 983
113 984
112 985
111 985
110 984
111 983
111 982
110 982
109 981
107 981
108 982
106 984
105 984
104 983
103 983
99 987
100 988
98 990
97 989
96 990
95 989
95 988
95 989
93 991
89 991
89 994
88 995
87 995
86 994
85 994
84 993
83 994
82 994
80 996
79 996
78 995
79 994
77 996
76 996
75 997
74 997
73 998
71 998
72 998
73 999
73 1002
72 1003
73 1002
74 1002
75 1003
76 1003
77 1004
78 1004
79 1005
76 1008
74 1008
73 1009
72 1009
71 1010
71 1011
70 1012
69 1012
68 1011
66 1011
65 1012
62 1012
61 1013
60 1012
60 1011
59 1012
57 1012
56 1011
53 1011
52 1012
53 1013
51 1015
48 1015
47 1016
44 1016
44 1017
43 1018
42 1018
41 1017
40 1017
39 1016
38 1016
37 1017
36 1017
35 1018
34 1017
34 1015
35 1014
33 1014
32 1015
30 1015
29 1016
26 1016
26 1017
25 1018
24 1018
23 1017
24 1016
15 1016
14 1017
13 1016
12 1016
11 1017
9 1017
8 1018
6 1018
5 1019
0 1019
0 1116
2 1114
4 1114
5 1113
7 1113
8 1114
6 1116
18 1116
20 1118
22 1116
24 1116
26 1114
27 1114
28 1113
28 1112
29 1111
30 1112
31 1112
32 1113
33 1112
32 1112
31 1111
34 1108
34 1107
40 1101
41 1101
42 1100
43 1100
44 1099
45 1099
46 1098
47 1098
48 1097
49 1097
50 1096
51 1096
52 1095
53 1095
54 1094
56 1094
57 1093
58 1093
59 1092
60 1092
61 1091
63 1091
64 1090
67 1090
68 1089
70 1089
72 1087
73 1087
74 1086
86 1086
86 1085
87 1084
90 1084
92 1086
94 1086
94 1085
93 1084
94 1083
96 1083
97 1082
101 1082
102 1081
103 1081
105 1083
106 1083
107 1082
109 1082
109 1081
110 1080
110 1078
111 1077
110 1076
110 1075
111 1074
113 1074
114 1075
113 1076
114 1075
115 1075
116 1076
116 1078
117 1078
118 1079
119 1078
121 1078
124 1075
127 1075
129 1077
127 1079
126 1079
125 1080
125 1082
124 1083
123 1083
122 1084
122 1086
121 1087
120 1087
119 1086
119 1085
118 1086
117 1085
115 1085
116 1086
119 1086
120 1087
120 1089
121 1089
123 1091
124 1090
125 1090
127 1088
129 1090
130 1089
132 1089
132 1088
133 1087
134 1087
135 1088
135 1089
136 1088
138 1088
139 1089
139 1090
140 1090
140 1089
141 1088
140 1088
139 1087
140 1086
142 1086
142 1085
143 1084
143 1082
144 1081
148 1081
149 1080
151 1080
152 1079
153 1079
154 1078
158 1078
159 1079
161 1077
164 1077
165 1076
166 1076
166 1075
167 1074
168 1074
170 1072
173 1072
175 1074
176 1074
177 1075
177 1076
175 1078
175 1080
172 1083
172 1085
173 1086
173 1087
174 1088
172 1090
172 1092
171 1093
170 1093
169 1092
167 1092
168 1092
169 1093
169 1094
170 1094
171 1095
170 1096
168 1096
165 1093
164 1093
163 1092
165 1090
162 1093
161 1093
161 1094
162 1094
163 1095
159 1099
157 1099
155 1097
154 1097
153 1096
152 1097
150 1095
147 1095
146 1094
145 1094
144 1093
143 1094
143 1095
142 1096
140 1096
139 1095
139 1094
137 1092
132 1092
130 1094
129 1094
128 1095
127 1094
127 1095
126 1096
125 1096
123 1098
123 1102
122 1103
123 1104
123 1107
121 1109
121 1111
120 1112
120 1113
119 1114
119 1117
118 1118
119 1119
118 1120
116 1120
116 1121
117 1121
118 1122
116 1124
114 1124
113 1123
111 1123
112 1124
112 1126
111 1127
110 1127
109 1126
108 1127
108 1129
107 1130
107 1132
105 1134
103 1134
103 1135
101 1137
101 1138
98 1141
98 1148
97 1149
97 1150
98 1151
98 1152
97 1153
97 1158
96 1159
96 1160
97 1161
97 1173
96 1174
96 1177
92 1181
91 1181
87 1185
84 1185
82 1187
81 1187
80 1186
79 1186
76 1189
74 1189
73 1190
72 1190
71 1191
69 1191
67 1193
65 1193
64 1194
62 1194
61 1195
60 1194
60 1192
59 1191
59 1186
57 1184
57 1178
56 1177
56 1175
55 1174
55 1172
54 1171
51 1171
50 1172
49 1172
48 1171
49 1170
49 1169
48 1169
48 1170
46 1172
45 1172
44 1171
44 1168
41 1168
41 1169
40 1170
38 1170
36 1168
33 1168
32 1167
31 1168
28 1168
27 1169
24 1169
23 1170
19 1170
16 1173
15 1173
15 1174
13 1176
13 1179
12 1180
12 1181
8 1185
8 1186
4 1190
3 1190
2 1191
0 1191
0 1278
1 1278
2 1279
11 1279
12 1280
13 1280
14 1279
16 1279
17 1280
18 1279
20 1279
21 1280
24 1280
25 1279
34 1279
35 1278
36 1278
38 1276
38 1275
39 1274
40 1274
40 1271
41 1270
41 1269
42 1268
42 1263
43 1262
44 1262
44 1252
46 1250
46 1247
47 1246
47 1245
48 1244
48 1243
49 1242
49 1237
52 1234
52 1233
54 1231
54 1226
56 1224
57 1225
58 1225
59 1224
62 1224
64 1222
71 1222
72 1221
74 1221
76 1219
77 1219
78 1218
79 1218
80 1217
81 1217
84 1220
84 1221
86 1223
86 1224
87 1225
87 1226
88 1227
88 1228
89 1229
89 1230
94 1235
92 1237
89 1237
87 1235
86 1236
84 1236
83 1235
77 1235
76 1236
75 1236
74 1237
73 1236
72 1236
70 1238
70 1239
69 1240
70 1241
69 1242
67 1242
65 1244
64 1244
63 1243
60 1243
58 1245
58 1248
55 1251
55 1253
50 1258
51 1259
51 1261
50 1262
50 1263
49 1264
49 1268
46 1271
46 1272
45 1273
45 1275
44 1276
43 1276
37 1282
38 1283
38 1287
37 1288
37 1290
38 1291
38 1294
39 1295
38 1296
39 1297
38 1298
38 1299
37 1300
37 1301
34 1304
34 1305
33 1306
31 1306
29 1308
29 1312
28 1313
28 1315
27 1316
10 1316
9 1317
0 1317
0 1804
4 1808
4 1810
3 1811
2 1811
1 1810
0 1810
0 1812
1 1813
1 1817
2 1817
3 1816
4 1817
7 1817
8 1818
9 1818
9 1817
10 1816
15 1821
15 1822
16 1823
16 1825
15 1826
16 1827
16 1829
17 1829
18 1830
19 1830
21 1832
22 1832
25 1835
26 1835
28 1837
29 1836
31 1836
32 1837
32 1838
33 1839
33 1841
31 1843
30 1842
31 1843
31 1851
32 1852
32 1853
30 1855
28 1855
27 1854
28 1855
30 1855
31 1854
32 1855
32 1856
33 1857
33 1859
32 1860
31 1859
31 1858
29 1860
29 1861
28 1862
28 1863
30 1865
29 1866
27 1866
24 1863
24 1870
25 1871
25 1873
24 1874
25 1873
26 1874
26 1875
27 1876
26 1877
26 1878
25 1879
26 1880
24 1882
24 1883
25 1883
26 1884
26 1885
25 1886
25 1888
27 1886
28 1886
29 1885
31 1885
32 1886
32 1889
33 1889
34 1890
32 1892
31 1891
30 1892
32 1892
33 1893
34 1893
35 1894
34 1895
33 1895
35 1897
35 1898
37 1898
37 1896
38 1895
40 1895
41 1896
41 1897
42 1898
44 1898
43 1897
43 1894
44 1893
43 1892
43 1891
42 1890
42 1887
43 1886
44 1886
46 1888
46 1889
49 1892
49 1894
48 1895
47 1895
48 1895
49 1896
50 1895
53 1895
54 1894
53 1893
54 1892
55 1892
56 1891
53 1891
52 1890
52 1889
51 1888
51 1887
52 1886
53 1886
53 1883
56 1880
58 1880
59 1879
62 1879
63 1880
63 1877
64 1876
68 1876
69 1877
69 1880
68 1881
68 1882
66 1884
65 1884
64 1883
61 1883
60 1882
59 1882
58 1883
59 1883
62 1886
62 1888
61 1889
60 1889
59 1890
59 1891
62 1891
63 1892
64 1892
66 1894
67 1893
68 1894
71 1894
72 1895
72 1897
73 1898
72 1899
72 1900
73 1901
75 1901
76 1902
76 1903
77 1903
78 1904
78 1905
79 1906
82 1906
85 1903
85 1902
87 1900
90 1900
91 1901
87 1905
86 1905
88 1907
90 1907
91 1908
94 1908
95 1909
95 1911
94 1912
95 1912
96 1913
96 1914
97 1913
98 1914
98 1915
99 1916
99 1919
100 1920
100 1923
102 1925
101 1926
102 1927
102 1929
103 1930
103 1933
105 1935
106 1935
107 1936
106 1937
106 1938
105 1939
102 1939
102 1941
106 1941
109 1944
110 1943
111 1944
111 1945
112 1945
113 1946
113 1947
112 1948
110 1948
109 1947
108 1947
109 1948
112 1948
115 1951
115 1954
114 1955
113 1955
112 1956
111 1956
111 1957
112 1957
113 1956
114 1956
115 1957
113 1959
111 1959
111 1960
110 1961
108 1961
107 1962
106 1962
105 1961
104 1961
103 1962
102 1961
101 1962
100 1962
96 1966
94 1966
93 1967
93 1971
93 1969
94 1968
95 1968
96 1967
98 1967
99 1968
99 1969
100 1968
101 1969
101 1970
98 1973
97 1973
96 1972
96 1973
98 1975
96 1977
94 1977
93 1976
94 1975
93 1974
93 1973
93 1975
92 1976
93 1977
93 1978
92 1979
91 1978
91 1980
92 1981
92 1982
92 1981
93 1980
94 1980
96 1982
95 1983
94 1983
94 1984
93 1985
92 1985
92 1986
91 1987
91 1989
90 1990
90 1991
91 1992
91 1995
90 1996
91 1997
90 1998
90 1999
91 2000
91 2006
94 2006
95 2007
95 2009
94 2010
93 2009
93 2008
91 2008
92 2009
92 2011
93 2012
91 2014
91 2018
92 2018
93 2019
93 2021
94 2022
93 2023
94 2024
94 2025
97 2028
99 2026
101 2026
102 2027
102 2028
100 2030
100 2031
101 2031
102 2030
103 2030
105 2028
107 2028
108 2027
108 2026
107 2025
106 2025
105 2024
106 2023
107 2023
109 2021
110 2022
111 2021
110 2021
109 2020
109 2019
111 2017
113 2017
114 2018
115 2018
116 2017
117 2017
118 2018
118 2019
117 2020
116 2020
116 2023
117 2024
117 2025
118 2025
120 2027
117 2030
116 2029
115 2029
114 2028
113 2029
113 2031
115 2031
116 2030
118 2030
119 2029
120 2029
122 2027
123 2027
124 2028
125 2027
126 2027
129 2030
126 2033
126 2034
127 2034
128 2033
127 2032
129 2030
130 2030
131 2029
132 2030
132 2031
133 2032
133 2035
132 2036
132 2037
129 2040
129 2042
128 2043
127 2042
126 2042
125 2041
125 2042
124 2043
123 2043
122 2042
121 2042
120 2041
119 2041
119 2044
118 2045
118 2047
117 2048
116 2048
116 2049
115 2050
115 2051
116 2052
115 2053
115 2055
116 2056
115 2057
113 2057
112 2058
113 2059
112 2060
112 2061
113 2062
113 2064
110 2067
110 2068
111 2069
111 2070
112 2071
112 2075
114 2075
115 2076
114 2077
114 2078
113 2079
112 2079
111 2080
112 2081
111 2080
112 2079
114 2079
115 2080
115 2082
116 2083
115 2084
117 2084
118 2085
118 2086
116 2088
115 2088
114 2087
114 2086
113 2085
112 2085
113 2086
113 2087
114 2087
115 2088
116 2088
117 2089
117 2090
119 2092
121 2092
122 2093
122 2095
123 2095
124 2094
123 2093
125 2091
128 2091
131 2088
133 2088
134 2087
140 2087
141 2088
141 2089
140 2090
142 2090
141 2089
141 2088
142 2087
143 2087
144 2086
146 2086
148 2084
149 2085
149 2087
148 2088
149 2089
148 2090
150 2092
150 2093
152 2095
152 2091
153 2090
154 2091
155 2091
156 2092
157 2092
156 2091
156 2090
155 2089
155 2088
154 2087
155 2086
155 2082
156 2081
157 2081
158 2082
161 2082
161 2081
162 2080
163 2080
164 2081
164 2082
167 2082
168 2081
169 2082
170 2082
171 2081
172 2082
173 2081
174 2082
174 2083
175 2084
175 2085
174 2086
174 2091
173 2092
173 2100
172 2101
172 2107
171 2108
171 2113
170 2114
170 2119
169 2120
169 2124
168 2125
168 2130
167 2131
167 2134
166 2135
166 2138
165 2139
165 2142
163 2144
163 2145
162 2146
162 2148
161 2149
161 2151
160 2152
160 2156
158 2158
158 2160
157 2161
157 2163
156 2164
156 2165
155 2166
155 2167
154 2168
154 2170
153 2171
153 2173
152 2174
152 2175
151 2176
151 2178
150 2179
150 2182
149 2183
149 2184
148 2185
148 2188
147 2189
147 2192
146 2193
146 2196
145 2197
145 2200
144 2201
144 2203
143 2204
143 2208
142 2209
142 2212
141 2213
141 2216
140 2217
140 2221
139 2222
139 2223
138 2224
138 2228
137 2229
137 2232
136 2233
136 2237
135 2238
135 2241
134 2242
134 2246
133 2247
133 2249
132 2250
132 2254
131 2255
131 2258
130 2259
130 2261
129 2262
129 2265
128 2266
128 2271
127 2272
127 2277
126 2278
126 2282
125 2283
125 2287
124 2288
124 2297
123 2298
123 2323
124 2324
124 2330
125 2331
125 2336
126 2337
126 2342
127 2343
127 2347
128 2348
128 2351
129 2352
129 2358
130 2359
130 2361
131 2362
131 2365
132 2366
132 2370
133 2371
133 2374
134 2375
134 2379
135 2380
135 2385
136 2386
136 2390
137 2391
137 2397
138 2398
138 2399
356 2399
356 2396
357 2395
357 2392
358 2391
358 2388
359 2387
359 2386
360 2385
360 2384
361 2383
361 2381
362 2380
362 2377
363 2376
363 2375
364 2374
364 2372
365 2371
365 2369
366 2368
366 2366
367 2365
367 2362
368 2361
368 2359
369 2358
369 2356
370 2355
370 2352
371 2351
371 2349
372 2348
372 2345
373 2344
373 2343
374 2342
374 2339
375 2338
375 2335
376 2334
376 2332
377 2331
377 2328
378 2327
378 2324
379 2323
379 2320
380 2319
380 2317
382 2315
383 2316
387 2316
391 2320
392 2320
394 2322
395 2322
398 2325
399 2325
400 2326
403 2326
404 2327
406 2327
408 2329
409 2329
412 2332
413 2332
414 2333
415 2333
416 2334
418 2334
419 2335
422 2335
424 2337
425 2337
430 2342
434 2342
436 2344
438 2344
443 2349
446 2349
447 2350
449 2350
451 2352
453 2352
454 2353
456 2353
458 2355
459 2355
460 2356
461 2356
462 2357
464 2357
466 2359
467 2359
468 2360
469 2359
472 2362
474 2362
475 2363
476 2363
478 2365
479 2365
480 2366
481 2366
483 2368
486 2368
487 2369
487 2370
489 2372
491 2372
492 2373
498 2373
500 2375
501 2375
502 2376
503 2376
504 2377
505 2377
508 2380
509 2380
511 2382
510 2383
510 2384
509 2385
508 2384
506 2384
506 2385
507 2386
507 2387
508 2388
508 2390
507 2391
507 2395
506 2396
507 2397
506 2398
506 2399
508 2399
508 2398
509 2397
509 2393
511 2391
514 2391
515 2392
515 2394
514 2395
513 2395
513 2397
512 2398
513 2399
514 2398
515 2398
516 2397
517 2397
518 2398
518 2399
543 2399
544 2398
545 2398
546 2399
559 2399
561 2397
561 2395
562 2394
562 2386
561 2385
561 2383
559 2381
559 2380
558 2379
558 2376
559 2375
559 2374
558 2373
558 2370
560 2368
561 2368
562 2367
565 2367
567 2365
568 2365
569 2366
571 2366
572 2367
572 2368
573 2369
573 2373
572 2374
572 2376
573 2377
573 2378
577 2382
584 2382
586 2380
588 2380
589 2381
592 2381
593 2382
593 2384
594 2385
591 2388
591 2389
587 2393
583 2393
581 2395
580 2395
578 2393
577 2393
575 2395
575 2396
573 2398
574 2399
1079 2399
1079 1233
1077 1231
1076 1231
1073 1228
1073 1227
1072 1226
1072 1225
1071 1224
1071 1223
1070 1222
1070 1221
1069 1220
1070 1219
1068 1217
1068 1214
1067 1213
1068 1212
1068 1211
1067 1211
1066 1210
1063 1210
1062 1209
1060 1209
1058 1207
1057 1207
1051 1201
1051 1200
1050 1199
1050 1198
1048 1196
1048 1193
1046 1191
1046 1190
1045 1189
1045 1188
1042 1185
1042 1184
1040 1182
1040 1181
1039 1180
1039 1179
1037 1177
1037 1176
1036 1175
1035 1175
1034 1174
1034 1172
1033 1172
1029 1168
1028 1168
1027 1167
1027 1161
1025 1159
1025 1158
1026 1157
1024 1155
1024 1154
1023 1153
1023 1152
1025 1150
1024 1149
1024 1148
1023 1148
1022 1147
1022 1144
1023 1143
1022 1142
1022 1140
1021 1140
1020 1139
1022 1137
1022 1135
1020 1135
1020 1136
1019 1137
1019 1139
1018 1140
1016 1140
1015 1139
1013 1139
1012 1138
1012 1137
1013 1136
1013 1135
1012 1134
1011 1134
1010 1133
1010 1131
1011 1130
1011 1126
1012 1125
1013 1126
1013 1122
1012 1121
1013 1120
1016 1120
1017 1121
1017 1117
1016 1117
1015 1116
1015 1111
1014 1110
1015 1109
1015 1108
1014 1108
1013 1107
1013 1105
1014 1104
1016 1106
1017 1106
1018 1105
1018 1104
1017 1104
1016 1103
1017 1102
1016 1101
1016 1100
1017 1099
1016 1098
1016 1096
1017 1095
1017 1092
1016 1091
1016 1089
1015 1088
1015 1087
1014 1086
1014 1085
1013 1085
1012 1084
1012 1081
1014 1079
1015 1079
1015 1077
1016 1076
1015 1076
1014 1075
1015 1074
1016 1074
1016 1073
1015 1072
1015 1071
1014 1070
1014 1069
1012 1067
1014 1065
1013 1065
1012 1064
1010 1064
1008 1062
1008 1059
1005 1056
1005 1055
1004 1054
1005 1053
1005 1052
1004 1051
1004 1049
1005 1048
1006 1048
1006 1047
1005 1046
1005 1045
1003 1047
1004 1048
1004 1049
1003 1050
1002 1050
1001 1051
1000 1050
1000 1047
998 1045
998 1044
997 1043
998 1042
997 1041
997 1040
996 1039
996 1041
995 1042
993 1042
992 1041
993 1040
994 1040
993 1039
992 1039
991 1040
990 1040
989 1039
989 1038
990 1037
991 1037
990 1036
990 1035
987 1035
986 1034
986 1033
987 1032
986 1031
983 1031
982 1030
981 1030
981 1031
982 1032
982 1033
981 1034
980 1033
977 1033
976 1032
976 1031
977 1030
977 1029
976 1028
975 1028
974 1029
972 1027
971 1027
970 1028
968 1028
967 1027
967 1024
966 1025
965 1025
964 1024
965 1023
965 1021
966 1020
967 1021
970 1021
968 1019
968 1018
966 1016
966 1014
967 1013
967 1012
966 1011
966 1010
967 1009
968 1009
968 1008
970 1006
970 1005
969 1004
969 1005
968 1006
965 1006
964 1005
965 1004
964 1003
965 1002
968 1002
968 1001
967 1001
966 1000
965 1000
965 1002
964 1003
963 1003
962 1002
963 1001
963 1000
961 1000
960 999
960 995
958 993
958 987
959 986
958 985
958 984
957 984
955 982
955 981
956 980
955 979
955 978
953 976
953 972
953 974
952 975
944 967
944 966
942 964
942 961
940 961
939 962
938 961
938 958
936 958
935 957
935 956
934 955
934 954
933 954
932 955
930 953
930 952
929 951
929 950
928 949
926 949
924 947
921 947
920 946
920 947
919 948
917 946
917 944
918 943
918 939
918 940
917 941
916 941
915 942
914 941
914 940
913 939
914 938
915 938
915 937
914 936
915 935
915 933
914 933
914 934
912 936
911 935
911 934
910 934
908 932
909 931
909 930
908 929
909 928
910 928
910 927
909 928
908 928
907 927
909 925
909 924
910 923
911 924
911 922
913 920
914 921
915 921
915 920
913 918
913 915
914 914
915 914
915 911
916 910
916 907
917 906
917 896
916 895
916 893
915 892
915 890
914 889
914 888
913 887
913 886
908 881
908 880
905 877
904 877
901 874
900 874
899 873
899 872
900 871
897 871
896 870
896 869
897 868
897 867
895 869
891 865
891 866
890 867
888 865
888 864
887 864
886 863
884 863
883 862
881 862
880 861
879 862
877 860
874 860
873 859
874 858
877 858
877 856
876 856
873 859
872 858
872 857
871 856
869 856
868 855
869 854
870 854
870 853
869 852
869 849
867 847
867 846
866 846
865 845
865 843
863 841
862 841
861 840
861 839
860 838
860 836
858 836
856 834
855 834
854 833
854 832
851 829
849 829
848 830
846 830
845 829
842 829
842 830
841 831
840 831
839 830
838 830
837 829
837 828
838 827
839 828
840 828
839 827
839 826
838 826
837 827
836 827
835 826
835 825
833 827
832 827
831 826
831 825
832 824
831 823
830 824
828 822
829 821
827 821
825 819
825 820
824 821
825 822
824 823
823 823
820 820
817 823
815 821
817 819
817 818
816 818
816 819
815 820
814 819
814 822
813 823
812 823
811 824
811 826
810 827
809 827
808 826
809 825
809 824
808 823
808 822
809 821
809 820
807 822
805 820
805 821
804 822
800 822
800 823
801 823
803 825
804 825
806 827
805 828
804 828
803 827
800 827
798 825
797 825
796 826
795 826
794 825
796 823
796 822
795 822
794 821
793 821
792 822
791 821
791 820
789 818
787 818
785 816
783 816
782 817
779 817
778 818
776 818
773 815
773 814
772 814
771 813
771 812
770 813
772 815
772 816
771 817
769 815
766 815
766 816
765 817
764 817
763 818
762 817
762 816
761 815
762 814
762 813
762 814
761 815
760 815
757 812
756 812
755 813
754 812
754 810
753 809
752 809
751 808
752 807
750 805
747 805
746 804
746 803
747 802
745 804
744 803
743 803
742 802
743 801
741 801
740 800
739 800
738 801
733 801
731 803
728 803
727 804
725 804
724 803
721 803
720 804
719 803
719 802
718 803
717 803
716 802
715 802
714 801
712 801
711 802
711 803
710 804
709 803
709 802
708 802
707 801
706 802
705 801
705 800
704 799
703 799

