498 752
499 753
499 754
500 755
500 756
499 757
498 756
497 756
496 755
496 756
498 758
498 759
497 760
493 756
492 756
497 761
497 762
499 764
499 767
500 768
500 770
501 771
501 773
502 774
502 777
501 778
500 777
500 776
499 775
499 773
498 772
498 770
497 769
497 767
496 766
496 765
495 764
495 763
494 762
494 761
493 761
490 758
491 759
491 760
492 761
492 762
491 763
488 760
488 761
490 763
490 764
492 766
492 765
493 764
495 766
495 767
496 768
496 771
497 772
497 774
498 775
498 777
499 778
499 779
500 780
500 781
501 782
501 783
500 784
498 784
497 783
496 783
495 782
494 782
491 779
491 778
490 777
490 776
489 775
489 774
488 773
488 775
490 777
489 778
488 778
487 777
486 777
482 773
481 773
478 770
477 770
476 769
476 768
475 768
472 765
473 766
473 767
474 768
474 769
476 771
476 772
478 774
478 775
479 776
478 777
477 777
476 778
474 778
472 776
471 776
470 775
469 775
468 774
467 774
466 773
465 773
468 776
468 777
470 779
470 780
469 781
468 780
463 780
465 780
466 781
467 781
469 783
470 783
471 784
472 784
474 786
473 787
472 787
471 786
469 786
468 785
466 785
467 786
466 787
465 787
464 786
463 786
462 785
461 785
460 784
460 785
461 785
462 786
463 786
468 791
468 792
467 793
466 792
465 792
464 791
462 791
463 792
462 793
461 793
460 792
459 792
450 783
450 782
449 781
448 781
448 783
449 784
449 785
450 786
450 787
449 788
448 788
445 785
444 785
443 784
443 785
442 786
439 783
438 783
438 784
441 787
441 788
442 789
441 790
440 790
439 789
438 789
437 788
435 788
434 787
433 787
432 786
431 786
430 785
429 785
428 784
427 785
425 785
424 784
421 784
420 783
419 783
418 782
417 782
416 781
415 781
414 780
413 780
412 779
411 779
410 778
410 779
411 780
410 781
409 781
408 780
407 780
406 779
405 779
404 778
403 778
402 777
401 777
400 776
399 776
397 774
396 774
395 773
398 776
398 777
399 778
400 778
404 782
403 783
404 782
405 782
406 783
404 785
402 785
403 786
405 786
406 787
407 787
408 788
409 788
417 796
416 797
418 799
417 800
415 800
413 798
411 798
411 799
412 799
413 800
413 801
412 802
411 802
412 803
413 803
414 804
414 805
413 806
412 806
411 805
408 805
407 806
397 806
398 807
398 808
399 809
400 809
401 810
401 811
400 812
398 812
397 811
396 811
395 810
394 810
393 809
392 809
392 810
393 811
394 811
395 812
395 813
394 814
392 814
390 812
388 812
387 811
386 811
383 808
382 808
381 807
380 807
381 808
381 809
384 812
383 813
382 813
381 812
380 812
379 811
378 811
381 814
380 815
379 815
379 816
380 816
382 818
383 817
384 817
385 818
385 820
384 821
382 821
381 822
380 821
380 820
379 820
378 821
380 821
381 822
380 823
379 823
378 824
375 824
373 826
371 826
370 827
369 827
367 829
366 829
364 831
362 831
361 832
361 833
360 834
360 836
359 837
359 841
358 842
356 840
356 839
354 839
356 841
355 842
354 842
352 844
351 844
350 843
350 842
351 841
351 839
350 839
350 840
351 841
350 842
350 843
349 844
347 844
346 845
347 845
348 846
348 847
347 848
346 848
344 846
343 846
344 846
345 847
345 848
343 850
341 850
339 848
339 847
337 845
338 846
338 847
339 848
339 851
338 852
337 852
337 854
336 855
335 854
334 854
333 853
333 852
331 850
331 851
334 854
334 855
335 856
334 857
333 857
331 855
330 855
330 856
331 857
330 858
329 858
328 857
328 858
327 859
326 859
325 858
325 860
324 861
323 860
322 860
321 859
320 859
320 860
321 861
321 862
320 863
318 863
317 862
316 863
315 862
314 862
313 861
313 862
315 864
312 867
312 868
311 869
310 869
309 868
308 868
307 867
308 868
308 869
310 871
309 872
308 872
308 873
310 875
309 876
308 876
307 875
306 875
305 874
304 874
303 873
302 873
301 872
303 874
304 874
307 877
308 877
309 878
309 879
308 880
308 881
306 883
306 884
303 887
302 887
301 888
300 888
300 890
299 891
298 891
296 893
293 890
292 890
291 891
287 887
286 887
285 886
284 886
282 884
281 884
279 882
284 887
285 887
290 892
290 893
293 896
293 897
292 898
288 898
287 899
285 899
284 900
283 900
282 901
281 901
279 903
280 904
279 905
279 913
280 914
280 915
276 919
275 918
273 918
272 917
271 917
269 915
268 915
264 911
263 911
261 909
260 909
259 908
258 908
257 907
256 907
252 903
252 902
245 895
245 894
243 892
243 891
241 889
241 888
238 885
239 886
239 887
241 889
241 890
242 891
242 892
244 894
244 895
246 897
246 898
249 901
248 902
247 902
244 899
243 899
241 897
240 897
235 892
234 892
232 890
231 890
230 889
229 889
228 888
227 888
228 888
233 893
234 893
236 895
235 896
234 896
233 895
232 895
231 894
230 894
229 893
231 895
232 895
233 896
232 897
231 897
230 898
229 897
233 901
234 901
235 902
234 903
233 903
233 904
232 905
231 905
230 904
227 904
229 906
228 907
227 907
226 906
224 906
223 905
222 905
221 904
220 904
219 903
217 903
216 904
211 904
210 903
209 903
208 902
207 902
206 901
205 901
203 899
202 899
201 898
199 898
197 896
196 896
195 895
194 895
193 894
192 894
191 893
193 895
194 895
196 897
197 897
199 899
200 899
202 901
201 902
199 902
198 901
197 901
195 903
194 902
189 902
188 901
186 901
185 900
182 900
181 899
178 899
177 898
176 898
177 898
178 899
180 899
181 900
183 900
184 901
187 901
189 903
188 904
186 904
185 903
182 903
181 902
179 902
180 903
179 904
174 904
173 903
169 903
168 904
159 904
158 905
154 905
153 906
150 906
149 907
145 907
144 908
139 908
138 909
134 909
135 910
134 911
131 911
130 912
125 912
124 911
122 911
121 912
120 912
121 912
123 914
122 915
115 915
117 915
118 916
116 918
114 918
113 919
105 919
105 920
106 920
107 921
107 922
104 925
103 925
102 926
101 926
100 927
99 927
98 928
96 928
95 929
93 929
92 930
91 930
90 931
89 931
88 932
84 932
80 936
79 936
78 937
77 937
76 938
75 938
74 939
75 940
73 942
72 942
72 943
71 944
71 947
73 949
73 950
69 954
68 954
66 956
66 957
65 958
64 958
63 959
64 960
66 960
67 961
69 961
70 962
71 962
73 964
71 966
71 967
70 968
70 969
68 971
67 971
66 972
66 974
67 975
67 977
68 977
69 978
67 980
66 980
66 981
67 982
68 982
69 983
67 985
67 986
68 987
66 989
66 990
64 992
64 994
65 995
65 996
67 996
68 997
65 1000
68 1000
69 1001
68 1002
69 1003
69 1008
62 1015
62 1016
63 1017
70 1017
71 1016
73 1016
74 1017
75 1017
76 1018
76 1019
72 1023
71 1023
68 1026
68 1027
67 1028
67 1029
66 1030
66 1031
65 1032
65 1033
67 1033
70 1030
71 1030
72 1029
73 1029
74 1028
75 1028
76 1027
77 1028
77 1030
76 1031
77 1031
78 1030
79 1030
80 1031
80 1032
79 1033
79 1035
80 1035
81 1036
79 1038
78 1037
76 1039
75 1039
73 1041
74 1040
75 1040
76 1039
80 1039
81 1038
84 1038
85 1037
87 1037
88 1036
89 1036
90 1037
88 1039
87 1039
86 1040
86 1041
84 1043
84 1044
83 1045
83 1046
82 1047
82 1048
81 1049
81 1050
80 1051
80 1053
79 1054
79 1055
80 1056
84 1052
85 1052
86 1051
87 1052
87 1055
88 1054
90 1054
92 1052
94 1052
95 1053
95 1054
94 1055
94 1056
95 1057
97 1055
98 1055
99 1056
99 1057
96 1060
96 1061
95 1062
95 1063
96 1063
97 1062
99 1064
99 1065
100 1066
100 1067
99 1068
99 1071
98 1072
98 1076
100 1076
101 1077
102 1077
104 1075
105 1075
106 1076
106 1077
105 1078
105 1079
105 1078
106 1077
106 1076
108 1074
109 1074
110 1075
111 1075
113 1073
113 1072
115 1070
116 1071
116 1072
115 1073
115 1074
116 1074
117 1073
118 1074
118 1077
117 1078
117 1079
116 1080
116 1081
115 1082
115 1083
114 1084
114 1085
113 1086
113 1087
114 1087
115 1088
117 1086
118 1086
121 1083
122 1083
123 1082
125 1082
126 1083
126 1085
126 1084
130 1080
131 1081
131 1082
132 1083
130 1085
130 1088
128 1090
128 1091
127 1092
127 1096
128 1095
129 1096
130 1096
131 1095
132 1095
133 1096
134 1095
134 1094
135 1093
136 1093
138 1095
138 1099
137 1100
137 1108
138 1107
139 1107
141 1105
142 1106
142 1109
143 1109
144 1110
144 1112
142 1114
142 1117
143 1117
144 1116
145 1116
146 1115
147 1116
147 1117
145 1119
147 1117
147 1116
149 1114
150 1114
151 1115
151 1116
149 1118
149 1121
148 1122
148 1123
145 1126
145 1127
146 1127
147 1126
151 1126
152 1127
153 1127
154 1126
158 1126
159 1125
160 1125
161 1124
162 1124
163 1123
167 1123
168 1122
169 1122
170 1121
171 1122
171 1123
169 1125
168 1125
167 1126
169 1126
170 1125
171 1125
172 1126
169 1129
169 1130
170 1129
171 1129
173 1127
174 1127
175 1128
174 1129
174 1130
173 1131
173 1132
172 1133
172 1135
173 1135
175 1137
175 1136
178 1133
179 1133
180 1132
181 1133
186 1133
187 1134
186 1135
186 1136
180 1142
180 1143
179 1144
179 1146
180 1145
182 1145
183 1146
184 1146
188 1142
189 1143
189 1145
188 1146
188 1147
186 1149
187 1149
189 1147
189 1146
191 1144
191 1143
194 1140
194 1139
195 1138
195 1137
199 1133
201 1133
202 1134
201 1135
201 1136
202 1136
203 1137
202 1138
202 1139
201 1140
202 1141
204 1141
207 1138
209 1138
210 1137
211 1138
211 1139
208 1142
207 1142
207 1143
206 1144
205 1144
205 1146
204 1147
204 1148
203 1149
203 1152
202 1153
204 1151
205 1151
206 1152
206 1156
207 1156
210 1153
211 1154
213 1152
213 1151
216 1148
216 1147
217 1146
220 1146
222 1144
223 1145
223 1147
222 1148
222 1149
221 1150
221 1152
220 1153
220 1154
220 1153
221 1152
221 1151
222 1150
223 1150
226 1147
228 1147
229 1148
228 1149
228 1154
227 1155
227 1156
226 1157
226 1159
227 1158
229 1158
230 1157
230 1156
234 1152
235 1152
236 1153
235 1154
235 1155
234 1156
234 1158
235 1159
235 1160
234 1161
234 1162
233 1163
233 1164
232 1165
232 1166
231 1167
231 1168
232 1168
233 1167
234 1168
234 1169
232 1171
232 1172
231 1173
231 1174
229 1176
233 1172
233 1171
236 1168
237 1168
239 1166
240 1167
240 1168
239 1169
240 1168
240 1167
241 1166
242 1166
243 1165
244 1165
245 1166
245 1167
242 1170
242 1171
240 1173
240 1176
239 1177
239 1178
238 1179
241 1179
245 1175
247 1175
248 1174
249 1175
249 1176
246 1179
250 1179
251 1180
251 1182
250 1183
250 1184
246 1188
247 1189
247 1190
246 1191
246 1192
248 1194
248 1195
247 1196
247 1197
241 1203
240 1203
237 1206
236 1206
237 1207
236 1208
234 1208
233 1209
233 1212
231 1214
230 1214
229 1215
229 1216
230 1217
231 1217
232 1218
228 1222
227 1222
225 1224
225 1225
226 1225
228 1223
230 1223
231 1224
230 1225
230 1226
228 1228
228 1231
227 1232
227 1233
225 1235
225 1237
224 1238
224 1241
223 1242
222 1242
221 1243
221 1244
222 1244
223 1243
224 1243
225 1244
225 1245
224 1246
224 1248
225 1249
225 1250
224 1251
223 1251
220 1254
219 1254
219 1255
218 1256
218 1257
217 1258
217 1260
215 1262
214 1262
214 1265
213 1266
212 1266
211 1267
211 1269
210 1270
210 1276
211 1277
211 1279
208 1282
207 1282
206 1283
206 1284
207 1284
208 1285
207 1286
206 1286
206 1287
205 1288
207 1290
207 1291
208 1292
205 1295
205 1298
206 1299
206 1300
205 1301
205 1303
204 1304
204 1308
205 1309
205 1310
203 1312
203 1313
207 1313
208 1314
207 1315
206 1315
205 1316
203 1316
202 1317
203 1318
203 1320
202 1321
202 1323
201 1324
201 1325
199 1327
198 1327
197 1328
197 1329
198 1330
196 1332
196 1333
197 1334
197 1337
198 1338
198 1339
197 1340
197 1342
196 1343
196 1345
197 1346
199 1346
200 1347
199 1348
199 1350
198 1351
197 1351
195 1353
196 1354
196 1356
195 1357
195 1358
194 1359
194 1361
195 1362
195 1370
194 1371
194 1372
195 1373
195 1375
194 1376
194 1377
193 1378
193 1380
194 1381
194 1382
193 1383
193 1386
192 1387
192 1390
194 1392
192 1394
192 1399
191 1400
191 1402
192 1403
192 1404
193 1405
193 1409
191 1411
191 1413
192 1414
192 1415
194 1417
193 1418
193 1430
192 1431
192 1433
191 1434
191 1437
192 1438
192 1439
194 1441
192 1443
192 1445
193 1446
192 1447
192 1451
193 1452
192 1453
192 1454
193 1455
193 1457
194 1458
195 1458
199 1462
197 1464
196 1464
196 1465
197 1466
197 1467
198 1468
198 1471
197 1472
199 1474
200 1474
201 1475
201 1476
202 1477
202 1478
203 1479
203 1480
201 1482
202 1483
201 1484
201 1485
202 1486
200 1488
199 1488
199 1489
203 1489
204 1490
202 1492
201 1492
200 1493
200 1494
204 1494
206 1496
206 1497
204 1499
204 1500
203 1501
203 1503
202 1504
202 1506
203 1506
204 1507
204 1508
203 1509
204 1510
204 1514
207 1517
207 1518
204 1521
204 1523
207 1523
208 1524
207 1525
206 1525
204 1527
206 1527
207 1528
207 1529
208 1530
208 1531
207 1532
207 1533
208 1534
206 1536
207 1537
214 1537
216 1539
216 1540
215 1541
215 1542
216 1542
217 1543
217 1544
212 1549
213 1550
214 1550
215 1549
217 1549
218 1550
218 1553
217 1554
218 1555
219 1555
220 1556
217 1559
218 1560
218 1562
217 1563
217 1564
220 1564
221 1565
218 1568
218 1569
217 1570
217 1571
218 1571
220 1569
221 1570
221 1571
218 1574
218 1575
217 1576
217 1577
216 1578
219 1581
215 1585
215 1590
217 1592
218 1591
220 1593
218 1595
218 1596
217 1597
219 1599
220 1598
222 1598
223 1599
223 1601
222 1602
222 1605
223 1605
224 1606
224 1607
226 1609
226 1611
228 1613
228 1614
227 1615
227 1616
228 1616
229 1617
230 1616
231 1617
231 1618
230 1619
230 1620
229 1621
229 1622
230 1623
233 1623
234 1624
234 1625
235 1626
235 1627
236 1628
236 1629
237 1630
237 1631
240 1634
239 1635
240 1636
240 1639
238 1641
237 1640
236 1641
237 1642
237 1645
239 1647
239 1649
240 1650
240 1651
242 1653
242 1654
243 1655
244 1655
246 1657
246 1658
245 1659
244 1659
244 1660
245 1659
247 1659
248 1660
249 1660
251 1658
252 1658
253 1659
253 1660
251 1662
251 1664
250 1665
250 1666
251 1667
251 1672
250 1673
250 1675
249 1676
249 1677
251 1679
250 1680
250 1681
249 1682
250 1683
252 1683
253 1682
254 1683
254 1684
253 1685
253 1686
251 1688
251 1690
252 1691
252 1697
253 1698
253 1701
254 1702
254 1708
253 1709
252 1709
251 1710
252 1711
252 1712
253 1713
254 1713
255 1714
256 1713
257 1713
258 1714
258 1715
257 1716
257 1718
258 1719
258 1721
259 1722
259 1724
260 1725
260 1726
261 1727
261 1732
262 1733
262 1736
263 1737
263 1739
264 1740
264 1743
263 1744
263 1747
264 1748
264 1753
266 1755
266 1756
267 1757
267 1760
268 1761
268 1763
270 1765
271 1765
273 1767
274 1767
277 1770
278 1769
281 1772
282 1772
283 1773
283 1774
286 1777
286 1779
287 1780
288 1780
290 1782
290 1783
291 1784
291 1788
293 1790
292 1791
292 1792
293 1793
293 1794
294 1795
294 1796
296 1798
297 1797
299 1797
300 1798
300 1799
301 1800
305 1800
307 1802
307 1803
308 1804
308 1805
309 1806
310 1806
311 1807
312 1807
313 1808
313 1809
314 1810
313 1811
316 1814
314 1816
314 1819
313 1820
312 1820
312 1821
311 1822
312 1821
313 1821
314 1820
315 1821
315 1822
313 1824
313 1825
314 1826
314 1830
313 1831
313 1832
314 1831
315 1831
316 1832
316 1835
315 1836
315 1839
316 1840
316 1843
317 1844
317 1846
318 1845
319 1845
320 1846
320 1847
321 1848
321 1858
322 1859
321 1860
321 1862
322 1863
322 1869
321 1870
321 1872
322 1873
322 1874
321 1875
321 1876
318 1879
318 1880
319 1881
318 1882
318 1883
317 1884
317 1886
318 1887
318 1888
320 1890
320 1891
319 1892
319 1893
320 1893
321 1894
322 1894
324 1896
324 1897
323 1898
320 1898
320 1899
321 1900
321 1902
322 1903
323 1903
324 1904
324 1912
323 1913
323 1916
324 1917
324 1923
323 1924
323 1943
322 1944
322 1953
323 1954
323 1962
324 1963
324 1965
323 1966
323 1967
324 1968
324 1978
325 1979
325 1983
326 1984
326 1986
328 1988
328 1989
329 1990
329 1995
331 1997
331 1998
332 1999
332 2000
333 2001
333 2003
334 2004
334 2006
335 2007
335 2008
336 2009
336 2013
337 2014
337 2016
336 2017
336 2018
337 2019
337 2021
338 2022
338 2023
339 2024
339 2025
340 2026
340 2027
341 2028
341 2032
342 2033
342 2034
343 2035
343 2036
345 2038
345 2042
346 2043
346 2045
347 2046
348 2046
351 2049
351 2050
359 2058
360 2058
365 2063
366 2063
367 2064
368 2064
374 2070
375 2070
376 2071
377 2071
378 2072
379 2072
380 2073
383 2073
384 2072
386 2072
387 2071
386 2070
386 2069
388 2067
389 2068
389 2069
390 2070
390 2071
393 2071
394 2070
395 2070
396 2069
401 2069
402 2068
405 2068
407 2066
408 2066
409 2065
410 2065
412 2063
414 2063
416 2061
418 2061
420 2063
420 2064
422 2066
422 2070
423 2071
423 2073
424 2074
424 2075
428 2075
431 2072
432 2072
433 2071
433 2068
438 2063
439 2064
440 2064
443 2061
452 2061
453 2060
459 2060
460 2059
458 2057
459 2056
462 2056
462 2054
463 2053
463 2051
462 2051
461 2050
461 2048
460 2047
460 2046
461 2045
463 2045
463 2036
462 2035
462 2032
461 2031
461 2029
460 2028
460 2023
459 2022
459 2021
458 2020
458 2016
459 2015
461 2015
462 2014
460 2014
459 2013
458 2013
457 2012
457 2011
459 2009
459 2008
458 2007
458 2006
459 2005
460 2005
460 2003
457 2000
457 1998
460 1995
459 1994
459 1993
458 1992
458 1986
459 1985
459 1980
460 1979
460 1977
461 1976
462 1977
463 1977
463 1975
461 1973
461 1972
460 1971
460 1970
459 1969
459 1968
458 1967
458 1963
457 1963
456 1962
456 1961
455 1960
456 1959
456 1958
457 1957
459 1957
456 1954
456 1951
455 1951
453 1949
453 1946
452 1945
453 1944
452 1943
452 1940
451 1939
451 1937
452 1936
451 1935
451 1933
452 1932
452 1931
453 1930
453 1929
452 1930
450 1930
449 1929
449 1927
451 1925
454 1925
454 1923
453 1922
453 1921
451 1919
451 1918
452 1917
453 1917
449 1913
449 1912
450 1911
452 1911
452 1910
451 1909
450 1909
449 1908
449 1906
450 1905
448 1903
448 1902
446 1900
446 1897
445 1896
447 1894
446 1893
445 1893
444 1892
444 1887
443 1887
442 1886
442 1882
440 1880
440 1874
441 1873
441 1872
440 1871
440 1870
439 1869
439 1868
440 1867
440 1862
439 1862
438 1861
438 1859
439 1858
440 1859
441 1858
440 1858
439 1857
439 1856
438 1855
439 1854
440 1854
441 1853
441 1851
440 1851
439 1852
438 1851
438 1850
439 1849
438 1849
436 1847
438 1845
438 1840
437 1839
437 1837
438 1836
439 1836
441 1834
439 1834
438 1833
438 1832
437 1831
437 1828
439 1826
439 1824
440 1823
440 1821
439 1820
439 1816
438 1815
438 1813
439 1812
441 1814
442 1813
444 1813
444 1812
443 1811
443 1808
444 1807
444 1806
442 1804
442 1802
441 1801
443 1799
443 1794
445 1792
446 1792
446 1791
445 1791
444 1790
444 1789
445 1788
447 1788
449 1786
445 1786
444 1785
444 1784
445 1783
448 1783
453 1778
454 1778
456 1776
458 1776
458 1775
459 1774
459 1771
460 1770
461 1770
462 1769
463 1769
464 1768
464 1767
463 1766
463 1765
464 1764
465 1765
468 1765
468 1761
469 1760
469 1758
473 1754
474 1754
475 1755
477 1753
478 1753
480 1755
481 1755
483 1757
484 1757
485 1758
486 1758
488 1760
489 1760
490 1761
491 1761
492 1762
492 1763
493 1764
493 1765
494 1766
494 1767
495 1768
495 1772
496 1773
496 1776
497 1777
497 1781
498 1781
499 1782
499 1783
498 1784
498 1788
499 1789
499 1808
498 1809
498 1810
499 1811
499 1816
500 1817
500 1821
501 1822
501 1827
503 1829
503 1830
504 1831
504 1836
505 1837
505 1845
506 1846
506 1854
507 1855
507 1858
508 1859
508 1862
509 1863
509 1864
510 1865
510 1868
511 1869
511 1870
512 1871
512 1873
513 1874
513 1875
515 1877
515 1879
514 1880
514 1883
515 1884
515 1886
517 1886
518 1887
518 1888
517 1889
517 1891
518 1892
518 1893
519 1894
519 1895
521 1897
521 1898
524 1901
524 1902
527 1905
528 1905
529 1906
538 1906
539 1905
539 1904
540 1903
540 1902
541 1901
543 1901
543 1899
545 1897
547 1897
548 1896
550 1896
551 1897
552 1897
555 1900
556 1900
557 1901
558 1901
559 1902
560 1902
561 1903
563 1903
569 1909
570 1909
574 1913
574 1914
578 1918
579 1918
580 1917
581 1917
582 1918
583 1918
585 1920
596 1920
597 1919
599 1919
600 1918
601 1918
602 1917
604 1917
605 1916
607 1916
608 1915
610 1915
610 1914
611 1913
613 1913
614 1912
613 1911
615 1909
616 1909
619 1906
620 1906
621 1907
622 1906
622 1904
623 1903
625 1903
626 1902
626 1901
627 1900
627 1899
626 1899
624 1897
624 1885
622 1883
622 1882
621 1881
621 1880
619 1878
619 1877
618 1876
619 1875
620 1875
621 1876
621 1877
625 1881
625 1882
627 1884
627 1885
628 1885
628 1884
626 1882
626 1881
624 1879
624 1878
622 1876
622 1875
620 1873
620 1872
618 1870
619 1869
620 1869
621 1868
620 1867
619 1867
618 1866
617 1866
616 1865
615 1865
614 1864
614 1862
612 1860
612 1857
611 1856
609 1856
608 1855
608 1854
606 1852
606 1847
605 1846
605 1844
606 1843
607 1844
608 1844
609 1845
609 1844
607 1842
606 1842
603 1839
603 1838
604 1837
605 1837
602 1834
602 1833
603 1832
604 1832
605 1833
606 1833
606 1832
605 1831
604 1831
601 1828
601 1827
602 1826
603 1826
603 1825
604 1824
604 1823
603 1824
602 1824
601 1823
601 1821
602 1820
602 1819
601 1818
601 1817
598 1814
598 1813
597 1812
597 1810
598 1809
595 1806
595 1803
594 1802
597 1799
597 1798
593 1798
592 1797
592 1795
591 1794
591 1792
590 1791
590 1785
589 1784
589 1783
588 1782
588 1780
587 1779
587 1778
586 1777
586 1776
585 1775
585 1774
584 1773
585 1772
586 1772
587 1771
587 1769
586 1768
585 1768
583 1766
583 1765
581 1763
582 1762
582 1761
581 1760
580 1760
579 1759
579 1758
580 1757
581 1757
582 1758
584 1758
585 1759
586 1758
585 1758
580 1753
579 1753
578 1752
578 1751
577 1750
577 1748
578 1747
576 1745
576 1744
575 1743
575 1742
578 1739
578 1738
579 1737
578 1736
577 1737
575 1737
574 1736
574 1735
575 1734
576 1734
578 1732
578 1731
577 1730
577 1729
578 1728
579 1728
579 1725
577 1723
577 1716
579 1714
580 1715
580 1717
581 1717
582 1716
582 1714
580 1712
580 1711
579 1710
579 1708
578 1707
578 1706
577 1705
577 1702
578 1701
578 1698
577 1697
577 1695
578 1694
578 1693
577 1692
577 1690
578 1689
578 1687
579 1686
582 1686
584 1684
581 1684
579 1682
580 1681
583 1681
583 1680
582 1679
582 1677
583 1676
587 1676
588 1677
589 1676
590 1676
591 1675
588 1672
589 1671
589 1670
590 1669
593 1669
593 1666
595 1664
596 1664
596 1662
595 1661
595 1660
597 1658
599 1658
601 1656
601 1655
602 1654
599 1651
600 1650
601 1650
601 1649
600 1648
600 1646
599 1645
602 1642
605 1645
605 1641
604 1640
604 1639
603 1638
603 1637
605 1635
606 1636
607 1636
607 1635
608 1634
608 1630
607 1629
607 1628
608 1627
609 1627
610 1628
611 1627
610 1626
610 1625
609 1624
609 1622
610 1621
611 1621
612 1620
613 1620
613 1619
610 1616
610 1615
613 1612
613 1611
610 1611
609 1610
609 1603
610 1602
612 1602
612 1598
614 1596
613 1595
615 1593
615 1591
614 1590
614 1587
616 1585
617 1585
617 1583
618 1582
619 1582
620 1583
621 1583
621 1582
620 1581
619 1581
617 1579
617 1578
618 1577
618 1573
619 1572
621 1574
622 1574
623 1575
624 1574
624 1573
623 1572
622 1573
620 1571
620 1570
621 1569
622 1570
623 1570
623 1568
622 1567
622 1564
624 1562
626 1564
626 1565
627 1564
627 1562
628 1561
629 1562
629 1561
630 1560
631 1560
631 1558
632 1557
633 1558
633 1559
634 1560
634 1558
633 1557
633 1553
632 1552
632 1546
633 1545
633 1544
634 1543
636 1545
637 1545
637 1544
636 1543
636 1541
635 1540
635 1539
636 1538
634 1536
635 1535
636 1535
637 1536
638 1536
640 1534
641 1534
642 1533
643 1533
643 1530
645 1528
645 1526
647 1524
648 1524
649 1525
650 1524
651 1524
651 1522
653 1520
654 1520
656 1518
657 1518
658 1519
658 1520
659 1521
661 1521
661 1519
660 1518
661 1517
662 1517
663 1518
663 1517
664 1516
667 1516
669 1518
670 1518
670 1515
671 1514
672 1514
673 1513
674 1514
676 1514
677 1513
677 1510
678 1509
681 1512
681 1511
680 1510
680 1508
681 1507
681 1505
682 1504
686 1504
688 1502
688 1500
687 1499
688 1498
690 1498
690 1492
691 1491
691 1490
694 1487
695 1487
696 1486
697 1487
700 1487
699 1486
699 1485
698 1484
701 1481
701 1478
702 1477
704 1479
705 1479
709 1475
710 1475
710 1474
709 1473
709 1471
708 1470
708 1469
711 1466
712 1466
712 1465
713 1464
715 1466
716 1465
718 1465
719 1466
719 1464
716 1461
716 1457
717 1456
719 1456
719 1455
718 1454
718 1453
717 1452
717 1451
718 1450
723 1450
724 1451
725 1451
726 1452
729 1452
729 1451
730 1450
731 1450
731 1449
730 1448
730 1446
729 1445
731 1443
731 1442
732 1441
733 1442
733 1445
734 1446
734 1447
735 1447
735 1440
734 1439
734 1435
736 1433
737 1434
738 1434
737 1433
737 1425
739 1423
740 1424
740 1425
739 1426
739 1428
740 1428
741 1427
741 1419
742 1418
742 1416
743 1415
743 1413
744 1412
745 1412
747 1414
748 1414
748 1411
749 1410
750 1411
751 1411
750 1410
750 1408
749 1407
749 1405
750 1404
751 1404
751 1403
754 1400
754 1397
755 1396
757 1396
758 1395
759 1396
760 1396
761 1395
761 1393
760 1392
760 1387
761 1386
762 1386
765 1389
766 1388
766 1387
767 1386
770 1386
770 1385
769 1384
769 1382
768 1381
768 1378
769 1377
771 1377
770 1376
770 1375
771 1374
772 1374
774 1376
775 1376
776 1377
777 1377
777 1374
778 1373
779 1374
780 1374
780 1371
778 1369
779 1368
781 1368
781 1367
782 1366
781 1365
781 1361
780 1360
780 1357
781 1356
783 1358
783 1360
784 1361
784 1359
785 1358
786 1358
786 1357
785 1356
785 1354
784 1353
784 1352
785 1351
786 1352
788 1352
788 1348
787 1347
787 1346
788 1345
790 1345
791 1344
792 1344
792 1343
791 1342
791 1341
790 1340
790 1338
789 1337
789 1336
790 1335
793 1335
793 1334
791 1332
792 1331
793 1331
794 1330
794 1329
795 1328
795 1326
794 1325
794 1324
793 1323
793 1322
791 1320
792 1319
793 1319
796 1322
797 1322
797 1321
795 1319
795 1318
797 1316
797 1314
796 1313
796 1312
795 1311
795 1305
794 1304
795 1303
796 1303
798 1305
798 1304
797 1303
797 1302
796 1301
796 1300
797 1299
798 1299
799 1300
800 1300
800 1299
801 1298
800 1297
800 1296
801 1295
802 1295
802 1294
799 1291
800 1290
803 1290
804 1291
805 1290
805 1289
803 1287
803 1286
802 1285
803 1284
804 1284
804 1283
801 1280
802 1279
804 1279
805 1278
804 1277
804 1275
802 1273
802 1272
803 1271
802 1270
802 1269
803 1268
804 1269
806 1269
805 1268
805 1267
806 1266
807 1267
809 1267
810 1268
810 1266
809 1265
809 1264
808 1263
808 1262
807 1261
807 1257
806 1256
806 1255
807 1254
808 1255
809 1255
809 1254
808 1253
808 1252
807 1251
807 1250
805 1248
805 1247
806 1246
807 1247
813 1247
812 1246
812 1245
813 1244
814 1244
814 1243
812 1241
812 1240
811 1239
811 1237
812 1236
814 1236
814 1235
812 1233
812 1232
813 1231
814 1231
815 1232
816 1232
816 1231
815 1230
815 1229
813 1227
813 1226
812 1225
813 1224
814 1224
816 1226
818 1226
814 1222
814 1220
811 1217
811 1213
810 1213
808 1211
808 1210
788 1190
788 1189
789 1188
790 1189
791 1189
795 1193
796 1193
797 1194
791 1188
791 1187
790 1186
791 1185
792 1185
794 1187
795 1187
796 1186
798 1186
798 1185
799 1184
800 1184
801 1185
801 1186
806 1191
805 1190
805 1189
806 1188
809 1191
805 1187
805 1186
801 1182
802 1181
800 1179
800 1178
799 1178
798 1177
798 1176
797 1175
797 1174
798 1173
801 1173
802 1172
803 1172
804 1173
807 1173
808 1174
809 1174
810 1175
809 1174
809 1173
806 1170
806 1169
807 1168
813 1168
814 1169
818 1169
819 1170
820 1170
821 1171
822 1171
824 1173
826 1173
837 1184
838 1184
841 1187
842 1187
842 1186
841 1185
841 1184
840 1183
840 1182
838 1180
838 1179
835 1176
835 1175
836 1174
837 1174
839 1176
840 1176
841 1177
843 1177
845 1179
846 1179
847 1180
846 1179
846 1178
844 1176
845 1175
845 1172
846 1171
847 1172
848 1172
850 1170
851 1171
852 1171
855 1174
856 1174
855 1173
855 1172
854 1171
854 1169
855 1168
856 1168
860 1172
861 1172
861 1170
860 1169
861 1168
863 1168
864 1169
865 1169
865 1167
864 1166
864 1165
863 1164
863 1163
862 1162
862 1161
863 1160
866 1163
867 1163
867 1162
866 1161
866 1159
865 1158
865 1157
864 1156
864 1155
865 1154
868 1157
868 1155
867 1154
867 1153
866 1152
866 1151
864 1149
864 1148
865 1147
867 1149
867 1148
866 1147
866 1146
865 1145
865 1144
864 1143
864 1141
865 1140
865 1139
864 1138
864 1137
863 1136
863 1135
862 1134
862 1131
861 1130
861 1127
862 1126
865 1129
866 1129
865 1128
865 1127
864 1126
864 1125
865 1124
867 1124
867 1123
866 1122
867 1121
867 1118
868 1117
868 1115
869 1114
869 1110
868 1109
868 1105
867 1104
867 1100
868 1099
869 1099
870 1100
870 1101
871 1102
871 1103
872 1104
872 1105
873 1106
873 1107
873 1104
874 1103
877 1106
877 1107
878 1108
878 1109
879 1110
879 1113
879 1109
878 1108
878 1106
877 1105
877 1104
876 1103
876 1102
875 1101
875 1100
874 1099
874 1098
873 1097
873 1087
874 1086
877 1089
877 1090
878 1091
878 1092
879 1093
879 1094
880 1095
880 1097
881 1098
881 1099
882 1100
882 1099
881 1098
881 1095
880 1094
880 1092
879 1091
879 1090
880 1089
885 1094
886 1094
887 1095
888 1095
890 1097
891 1097
892 1098
892 1097
890 1095
890 1094
888 1092
889 1091
888 1090
888 1088
887 1087
887 1085
886 1084
886 1083
885 1082
885 1080
884 1079
884 1078
885 1077
884 1076
885 1075
885 1074
886 1073
886 1072
887 1071
889 1071
892 1074
892 1075
894 1077
894 1079
896 1081
896 1083
898 1085
898 1086
899 1087
899 1088
899 1087
898 1086
898 1085
897 1084
897 1083
896 1082
896 1081
895 1080
895 1079
894 1078
894 1077
893 1076
893 1075
892 1074
892 1071
893 1070
895 1072
898 1072
899 1073
901 1073
902 1074
903 1074
906 1077
907 1077
909 1079
910 1079
913 1082
914 1082
916 1084
917 1084
918 1085
921 1085
923 1083
924 1084
926 1084
926 1083
925 1082
925 1081
923 1079
923 1078
922 1077
922 1076
921 1075
921 1074
920 1073
920 1068
921 1067
923 1067
924 1068
924 1067
923 1066
923 1064
924 1063
924 1061
925 1060
925 1057
926 1056
926 1053
927 1052
928 1052
929 1053
930 1053
930 1052
929 1051
929 1042
930 1041
931 1041
931 1040
932 1039
934 1041
934 1040
932 1038
933 1037
934 1037
932 1035
932 1034
931 1033
931 1032
932 1031
933 1031
934 1032
934 1033
936 1035
936 1036
938 1038
938 1039
939 1040
939 1039
938 1038
938 1036
936 1034
936 1033
934 1031
934 1030
935 1029
939 1033
939 1034
940 1035
940 1033
941 1032
942 1033
943 1033
943 1030
944 1029
947 1029
947 1027
946 1026
946 1025
947 1024
948 1025
949 1025
951 1027
952 1027
953 1028
954 1027
954 1025
953 1024
953 1023
951 1021
951 1020
952 1019
953 1019
957 1015
958 1016
958 1017
959 1018
960 1018
960 1017
959 1016
959 1015
958 1014
959 1013
960 1013
963 1016
964 1016
964 1015
963 1014
963 1012
964 1011
966 1013
966 1014
969 1017
969 1018
970 1019
970 1018
969 1017
969 1016
968 1015
968 1014
967 1013
967 1012
966 1011
966 1009
965 1008
965 1007
964 1006
964 1005
965 1004
968 1007
969 1007
972 1010
972 1009
970 1007
970 1006
968 1004
968 1003
965 1000
965 999
964 998
964 997
963 996
963 995
962 994
963 993
965 993
966 994
966 995
967 995
965 993
965 992
966 991
969 994
969 995
970 995
975 1000
975 999
972 996
972 995
970 993
970 992
969 991
969 989
970 988
971 989
972 989
973 990
973 991
975 993
975 994
977 996
978 996
979 997
975 993
975 992
972 989
972 988
971 987
972 986
973 986
975 988
975 989
976 990
975 989
975 984
974 983
974 981
973 980
973 979
972 978
972 977
973 976
984 987
983 986
983 985
979 981
979 980
976 977
976 976
969 969
969 967
970 966
970 965
971 964
975 964
976 963
977 963
978 964
980 964
982 966
983 966
985 968
986 968
985 967
984 967
983 966
982 966
981 965
981 964
982 963
988 963
989 964
992 964
993 965
994 965
995 966
995 965
994 965
987 958
987 957
985 955
986 954
987 954
993 960
994 960
997 963
998 963
1001 966
1002 966
997 961
996 961
993 958
993 957
982 946
982 943
983 942
986 942
987 943
989 943
989 942
986 939
986 937
987 936
988 936
989 937
991 937
992 938
994 938
993 938
992 937
991 937
990 936
989 936
987 934
988 933
990 933
991 932
992 932
993 931
993 929
994 928
1000 928
999 928
998 927
997 927
990 920
991 919
992 919
993 920
997 920
995 918
994 918
990 914
990 913
991 912
995 912
994 911
990 911
989 910
989 909
990 908
988 906
990 904
991 904
992 905
993 905
993 904
991 902
991 901
985 895
983 895
982 894
984 892
986 892
987 893
988 893
989 894
987 892
986 892
985 891
984 891
983 890
981 890
980 889
978 889
977 888
978 887
980 887
981 886
982 886
980 886
978 884
978 883
977 882
977 881
976 880
975 880
974 879
976 877
977 877
977 876
975 876
974 875
974 870
975 869
976 869
976 867
972 863
971 863
970 862
969 862
965 858
965 855
963 855
961 853
962 852
962 851
960 849
960 848
962 846
963 846
963 845
961 845
960 846
956 846
955 847
952 847
951 846
946 846
945 845
939 845
938 844
934 844
933 843
927 843
926 842
925 842
924 841
920 841
919 840
914 840
913 839
911 839
910 838
906 838
905 837
903 837
902 836
903 835
899 835
898 834
870 834
869 835
862 835
861 836
858 836
857 837
856 837
855 838
854 838
853 839
849 839
848 840
847 840
846 841
843 841
842 842
841 842
840 843
839 843
838 844
837 844
836 845
835 845
834 846
833 846
832 847
831 847
830 848
829 848
827 850
826 850
825 851
824 851
823 852
822 852
821 853
820 853
819 854
818 854
815 857
814 857
813 858
812 858
811 859
809 859
808 860
806 860
805 861
802 861
801 862
798 862
797 861
795 863
793 863
792 864
790 862
791 861
792 861
789 861
787 859
786 860
785 859
784 859
783 860
781 860
779 862
776 862
775 861
773 861
772 860
767 860
766 859
765 859
764 858
760 858
759 857
757 857
756 856
755 856
754 855
754 854
755 853
763 853
763 852
758 852
757 851
756 851
755 852
752 852
751 851
749 851
748 850
748 849
747 849
746 848
745 848
743 846
742 846
739 843
738 843
736 841
735 841
733 839
732 839
731 838
730 838
729 837
728 837
727 836
726 836
725 835
723 835
722 834
721 834
720 833
719 833
718 832
716 832
715 831
714 831
713 830
710 830
709 829
705 829
704 828
703 828
702 827
700 827
699 826
698 826
696 824
693 824
692 823
689 823
688 822
687 822
686 821
684 821
681 818
680 818
679 817
677 817
675 815
675 814
676 813
680 813
679 812
674 812
675 813
674 814
674 816
673 817
671 817
670 816
670 813
671 812
671 811
672 810
672 809
674 807
675 807
676 808
678 808
679 809
680 809
681 810
682 810
681 810
680 809
679 809
678 808
677 808
675 806
679 802
680 802
681 801
682 801
683 800
682 801
681 801
680 802
679 802
678 803
677 803
676 804
675 804
674 805
671 805
670 804
668 804
667 803
666 803
665 802
665 801
666 800
666 799
668 797
669 797
670 796
665 796
665 798
664 799
662 799
660 797
660 796
659 795
662 792
662 791
661 790
660 791
659 791
659 792
653 798
652 798
651 799
649 799
648 800
647 800
647 801
645 803
645 804
643 806
642 806
641 805
643 803
642 803
642 804
641 805
640 805
639 804
639 805
640 806
640 808
639 809
638 809
637 810
635 810
634 809
634 808
635 807
636 807
637 806
637 805
634 805
633 804
633 803
636 800
636 799
635 798
637 796
638 797
642 793
643 793
643 792
646 789
647 789
648 790
648 791
649 792
650 792
651 791
650 791
649 792
648 791
648 790
651 787
661 787
662 788
663 788
664 787
659 787
658 786
653 786
652 787
650 787
649 788
646 788
644 790
641 790
640 791
638 791
637 790
638 789
639 789
641 787
642 787
646 783
647 783
649 781
650 781
652 779
653 779
654 778
653 778
652 777
653 776
651 776
650 777
649 777
648 778
647 778
646 779
645 779
643 781
642 781
641 780
644 777
644 776
646 774
645 774
642 777
641 777
641 778
639 780
638 780
636 782
635 781
633 783
634 783
635 784
631 788
627 788
626 789
625 789
625 790
619 796
619 797
618 798
617 798
616 799
615 799
614 800
613 800
612 801
611 801
610 802
609 802
608 801
609 800
609 799
611 797
612 797
613 796
612 795
612 793
614 791
614 790
617 787
618 787
620 785
621 785
623 783
624 783
626 781
627 781
628 780
629 780
630 779
630 778
629 779
628 779
627 780
626 779
626 777
627 776
628 776
629 775
630 775
631 774
632 774
633 773
630 773
629 774
628 774
627 775
626 775
624 777
623 777
622 778
621 778
620 777
622 775
623 775
625 773
626 773
627 772
625 772
624 773
623 773
622 772
622 771
623 770
621 768
621 767
620 768
620 769
621 770
620 771
619 771
616 774
615 774
614 775
613 775
612 774
616 770
615 770
614 771
613 771
611 773
610 773
609 772
612 769
613 769
615 767
616 767
616 766
618 764
616 766
615 766
614 767
612 767
611 768
610 767
610 764
610 765
607 768
607 770
603 774
602 773
602 772
603 771
603 769
601 771
601 772
600 773
600 774
599 775
599 776
597 778
596 777
596 776
597 775
596 775
593 778
592 778
592 781
589 784
588 784
586 786
585 786
581 790
580 789
579 789
578 790
577 789
577 787
575 789
575 790
574 791
573 791
572 790
572 787
573 786
572 787
572 788
571 789
571 790
570 791
569 790
569 788
570 787
570 783
570 785
569 786
569 788
568 789
568 791
565 794
564 793
564 792
563 792
562 793
561 793
559 791
559 789
557 787
557 786
556 786
555 785
554 785
552 787
551 787
550 786
550 785
549 785
547 783
547 781
545 781
538 774
536 774
536 775
537 776
537 777
539 779
539 780
538 781
535 781
534 780
533 780
532 779
531 779
530 778
528 778
527 777
526 777
527 778
528 778
531 781
530 782
529 782
529 783
528 784
526 784
525 783
525 782
523 780
523 776
522 776
521 775
521 771
520 770
521 769
519 767
519 765
518 764
518 762
516 760
516 759
516 760
515 761
515 763
514 764
513 764
512 763
512 762
508 758
508 757
504 753
505 754
505 755
504 756
503 756
500 753
499 753

