598 916
597 917
592 917
591 918
592 918
594 920
594 921
593 922
590 922
589 921
589 920
584 920
583 919
582 919
581 920
575 920
573 922
571 922
570 921
571 922
569 924
576 924
577 925
576 926
565 926
564 927
560 927
559 926
556 926
555 927
523 927
522 928
509 928
508 929
504 929
503 930
497 930
496 931
488 931
487 932
483 932
482 933
478 933
477 934
474 934
473 935
471 935
470 936
466 936
465 937
464 936
461 936
460 935
459 935
458 934
456 934
455 933
453 933
452 932
449 932
448 931
446 931
445 930
442 930
441 929
438 929
437 928
434 928
433 927
428 927
427 926
421 926
420 925
415 925
414 924
405 924
404 923
376 923
375 924
363 924
362 925
356 925
355 926
351 926
350 927
346 927
345 928
343 928
342 929
339 929
338 930
336 930
335 931
334 931
333 932
332 932
331 933
329 933
328 934
327 934
326 935
325 935
323 937
321 937
319 939
318 939
316 941
315 941
312 944
311 944
307 948
306 948
306 949
304 951
303 951
302 952
302 953
300 955
299 955
299 956
295 960
295 961
292 964
292 965
289 968
289 969
288 970
288 972
285 975
285 976
284 977
284 978
283 979
283 980
281 982
281 984
280 985
280 986
279 987
279 988
277 990
277 993
276 994
276 995
275 996
275 997
273 999
273 1001
270 1004
270 1005
268 1007
268 1008
266 1010
266 1011
264 1013
264 1014
262 1016
262 1017
261 1018
261 1019
259 1021
259 1022
258 1023
258 1024
255 1027
255 1029
253 1031
253 1032
251 1034
251 1036
249 1038
249 1039
248 1040
248 1041
247 1042
247 1043
246 1044
246 1045
244 1047
244 1049
243 1050
243 1051
242 1052
242 1053
240 1055
240 1057
239 1058
239 1059
238 1060
238 1061
237 1062
237 1064
236 1065
236 1066
235 1067
235 1068
234 1069
234 1070
233 1071
233 1073
232 1074
232 1076
231 1077
231 1078
229 1080
229 1083
228 1084
228 1086
227 1087
227 1088
226 1089
226 1091
225 1092
225 1094
224 1095
224 1097
223 1098
223 1099
222 1100
222 1103
221 1104
221 1107
220 1108
220 1109
219 1110
219 1111
218 1112
218 1116
217 1117
217 1120
216 1121
216 1122
215 1123
215 1127
214 1128
214 1132
213 1133
213 1135
212 1136
212 1138
211 1139
211 1145
210 1146
210 1149
209 1150
209 1153
208 1154
208 1156
207 1157
207 1164
206 1165
206 1169
205 1170
205 1174
204 1175
204 1182
203 1183
203 1191
202 1192
202 1198
201 1199
201 1207
200 1208
200 1218
199 1219
199 1226
198 1227
198 1230
197 1231
197 1238
196 1239
196 1265
195 1266
195 1284
196 1285
196 1298
197 1299
197 1301
198 1302
198 1305
199 1306
199 1308
200 1309
200 1312
201 1313
201 1315
203 1317
203 1319
204 1320
204 1321
205 1322
205 1323
207 1325
207 1327
210 1330
210 1331
211 1332
211 1333
214 1336
214 1337
218 1341
218 1342
237 1361
235 1363
234 1363
233 1364
232 1364
230 1366
229 1366
228 1367
227 1367
226 1368
226 1369
225 1370
225 1373
224 1374
224 1390
225 1391
225 1398
226 1399
226 1406
227 1407
227 1410
228 1411
228 1412
229 1413
229 1415
225 1419
225 1420
224 1421
224 1422
222 1424
222 1425
220 1427
220 1428
219 1429
219 1440
220 1441
220 1442
221 1443
221 1444
222 1445
222 1448
224 1450
224 1451
225 1452
225 1453
226 1454
226 1456
227 1457
227 1459
228 1460
228 1462
229 1463
229 1471
228 1472
228 1473
227 1474
227 1475
226 1476
226 1478
225 1479
225 1480
224 1481
224 1482
223 1483
223 1484
222 1485
222 1488
221 1489
221 1494
220 1495
220 1509
221 1510
221 1514
222 1515
222 1518
224 1520
224 1521
225 1522
225 1523
226 1524
226 1525
228 1527
228 1528
237 1537
238 1537
240 1539
241 1539
244 1542
246 1542
248 1544
249 1544
250 1545
251 1545
252 1546
253 1546
254 1547
255 1547
256 1548
258 1548
259 1549
260 1549
261 1550
262 1550
263 1551
265 1551
266 1552
267 1552
268 1553
270 1553
271 1554
272 1554
273 1555
275 1555
276 1556
278 1556
279 1557
281 1557
282 1558
283 1558
284 1559
287 1559
288 1560
289 1560
290 1561
293 1561
294 1562
295 1562
296 1563
298 1563
299 1564
302 1564
303 1565
305 1565
306 1566
309 1566
310 1567
313 1567
314 1568
316 1568
317 1569
319 1569
320 1570
322 1570
323 1571
324 1571
325 1572
328 1572
329 1573
330 1573
332 1575
334 1575
335 1576
336 1576
337 1577
338 1577
340 1579
341 1579
342 1580
343 1580
345 1582
346 1582
351 1587
352 1587
354 1589
354 1590
360 1596
360 1599
359 1600
358 1600
354 1604
354 1605
353 1606
353 1608
352 1609
352 1622
350 1624
350 1629
349 1630
349 1631
348 1632
348 1634
347 1635
347 1636
346 1637
346 1638
345 1639
345 1640
344 1641
344 1642
346 1644
346 1645
347 1646
347 1647
348 1648
348 1649
349 1650
349 1651
350 1652
350 1653
352 1655
352 1656
354 1658
354 1659
357 1662
357 1663
358 1664
358 1665
360 1667
360 1668
361 1669
361 1670
364 1673
364 1676
362 1678
361 1678
360 1679
358 1679
357 1680
355 1680
354 1681
351 1681
350 1682
344 1682
343 1683
341 1683
340 1684
335 1684
334 1685
330 1685
329 1686
326 1686
325 1687
322 1687
321 1688
317 1688
316 1689
313 1689
312 1690
309 1690
308 1691
306 1691
305 1692
302 1692
301 1693
299 1693
298 1694
296 1694
295 1695
293 1695
293 1696
292 1697
293 1698
293 1699
294 1700
293 1701
292 1701
291 1702
288 1702
287 1703
282 1703
281 1704
278 1704
277 1705
276 1705
275 1706
274 1706
271 1709
270 1709
268 1711
267 1711
267 1712
268 1713
268 1714
267 1715
264 1715
264 1716
263 1717
264 1718
264 1721
263 1722
264 1723
264 1729
265 1730
265 1779
266 1780
266 1781
265 1782
265 1783
266 1783
267 1784
265 1786
265 1789
266 1790
266 1795
265 1796
265 1798
266 1799
266 1801
269 1801
270 1802
271 1802
272 1801
273 1801
276 1798
277 1798
278 1797
280 1797
281 1796
282 1797
285 1797
285 1757
284 1756
284 1749
286 1747
287 1748
287 1749
288 1749
290 1751
290 1752
294 1756
294 1758
296 1760
296 1761
297 1762
297 1763
298 1764
298 1765
300 1767
300 1770
303 1773
303 1775
305 1777
305 1779
307 1781
307 1782
308 1783
308 1784
309 1785
309 1787
310 1788
310 1790
312 1792
312 1793
313 1794
313 1796
314 1797
314 1800
319 1805
319 1806
321 1808
320 1809
320 1811
321 1812
321 1815
322 1816
322 1817
323 1818
323 1820
324 1821
324 1823
325 1824
325 1828
326 1829
326 1830
327 1831
327 1832
328 1833
328 1837
329 1838
329 1839
330 1840
330 1842
331 1843
331 1847
332 1848
332 1852
333 1853
333 1855
334 1856
334 1858
335 1859
335 1862
336 1863
336 1866
337 1867
337 1869
338 1870
338 1872
339 1873
339 1879
340 1880
340 1881
341 1882
341 1884
342 1885
342 1887
343 1888
343 1891
346 1894
346 1906
344 1908
343 1908
342 1909
341 1909
340 1910
339 1910
338 1911
336 1911
335 1912
333 1912
332 1913
331 1913
330 1914
328 1914
326 1916
325 1916
324 1917
323 1917
322 1918
321 1918
320 1919
319 1919
318 1920
317 1920
316 1921
315 1921
313 1923
312 1923
311 1924
310 1924
308 1926
307 1926
305 1928
304 1928
302 1930
301 1930
299 1932
298 1932
296 1934
295 1934
293 1936
292 1936
289 1939
288 1939
287 1940
286 1940
283 1943
282 1943
279 1946
278 1946
276 1948
275 1948
272 1951
271 1951
268 1954
267 1954
265 1956
264 1956
261 1959
260 1959
257 1962
256 1962
253 1965
252 1965
249 1968
248 1968
245 1971
244 1971
242 1973
241 1973
238 1976
237 1976
234 1979
233 1979
230 1982
229 1982
224 1987
223 1987
220 1990
219 1990
217 1992
216 1992
214 1994
213 1994
213 1995
212 1996
211 1996
209 1998
208 1998
205 2001
204 2001
201 2004
200 2004
198 2006
197 2006
194 2009
193 2009
193 2010
192 2011
191 2011
190 2012
189 2012
186 2015
185 2015
179 2021
178 2021
178 2022
176 2024
175 2024
174 2025
174 2026
172 2028
171 2028
171 2029
166 2034
166 2035
163 2038
163 2040
160 2043
160 2044
159 2045
159 2046
158 2047
158 2048
156 2050
156 2051
155 2052
155 2053
154 2054
154 2055
152 2057
152 2058
151 2059
151 2060
150 2061
150 2062
149 2063
149 2064
148 2065
148 2066
147 2067
147 2068
145 2070
145 2071
144 2072
144 2074
141 2077
141 2079
140 2080
140 2081
138 2083
138 2084
137 2085
137 2087
135 2089
135 2090
134 2091
134 2092
133 2093
133 2094
132 2095
132 2096
130 2098
130 2100
128 2102
128 2103
126 2105
126 2107
124 2109
124 2110
123 2111
123 2112
122 2113
122 2114
120 2116
120 2117
119 2118
119 2120
117 2122
117 2123
115 2125
115 2127
113 2129
113 2130
112 2131
112 2132
111 2133
111 2134
110 2135
110 2136
108 2138
108 2140
106 2142
106 2143
104 2145
104 2147
103 2148
103 2149
101 2151
101 2152
100 2153
100 2154
99 2155
99 2156
97 2158
97 2160
95 2162
95 2163
93 2165
93 2167
92 2168
92 2169
90 2171
90 2173
89 2174
89 2175
87 2177
87 2178
86 2179
86 2180
85 2181
85 2182
83 2184
83 2185
82 2186
82 2188
80 2190
80 2191
79 2192
79 2193
78 2194
78 2195
77 2196
77 2197
75 2199
75 2201
74 2202
74 2203
73 2204
73 2205
71 2207
71 2209
70 2210
70 2211
69 2212
69 2213
68 2214
68 2215
67 2216
67 2217
65 2219
65 2220
64 2221
64 2223
63 2224
63 2225
61 2227
61 2228
60 2229
60 2230
59 2231
59 2232
58 2233
58 2234
57 2235
57 2236
56 2237
56 2238
55 2239
55 2240
54 2241
54 2242
53 2243
53 2244
52 2245
52 2246
51 2247
51 2248
49 2250
49 2252
48 2253
48 2254
47 2255
47 2256
46 2257
46 2258
45 2259
45 2260
44 2261
44 2262
42 2264
42 2266
41 2267
41 2268
40 2269
40 2270
38 2272
38 2275
36 2277
36 2278
35 2279
35 2280
34 2281
34 2283
32 2285
32 2286
31 2287
31 2289
30 2290
30 2291
29 2292
29 2293
27 2295
27 2297
26 2298
26 2299
25 2300
25 2301
24 2302
24 2304
23 2305
23 2306
22 2307
22 2308
20 2310
20 2313
19 2314
19 2315
17 2317
17 2318
16 2319
16 2321
15 2322
15 2323
14 2324
14 2325
13 2326
13 2327
12 2328
12 2330
11 2331
11 2332
9 2334
9 2337
8 2338
8 2339
7 2340
7 2341
6 2342
6 2343
5 2344
5 2346
4 2347
4 2348
3 2349
3 2350
2 2351
2 2353
1 2354
1 2355
0 2356
0 2399
1044 2399
1044 2397
1043 2396
1043 2393
1042 2392
1042 2391
1041 2390
1041 2388
1040 2387
1040 2384
1039 2383
1039 2381
1038 2380
1038 2379
1037 2378
1037 2376
1036 2375
1036 2372
1035 2371
1035 2370
1034 2369
1034 2367
1033 2366
1033 2364
1032 2363
1032 2360
1031 2359
1031 2358
1030 2357
1030 2355
1029 2354
1029 2351
1028 2350
1028 2349
1027 2348
1027 2346
1026 2345
1026 2344
1025 2343
1025 2339
1024 2338
1024 2337
1023 2336
1023 2334
1022 2333
1022 2331
1021 2330
1021 2327
1020 2326
1020 2325
1019 2324
1019 2322
1018 2321
1018 2318
1017 2317
1017 2315
1016 2314
1016 2313
1015 2312
1015 2310
1014 2309
1014 2306
1013 2305
1013 2304
1012 2303
1012 2301
1011 2300
1011 2298
1010 2297
1010 2294
1009 2293
1009 2292
1008 2291
1008 2289
1007 2288
1007 2285
1006 2284
1006 2282
1005 2281
1005 2280
1004 2279
1004 2277
1003 2276
1003 2273
1002 2272
1002 2271
1001 2270
1001 2268
1000 2267
1000 2265
999 2264
999 2261
998 2260
998 2259
997 2258
997 2256
996 2255
996 2252
995 2251
995 2248
994 2247
994 2244
993 2243
993 2242
992 2241
992 2236
991 2235
991 2234
990 2233
990 2230
989 2229
989 2225
988 2224
988 2220
986 2218
986 2215
985 2214
985 2212
984 2211
984 2207
983 2206
983 2205
982 2204
982 2202
981 2201
981 2197
980 2196
980 2194
979 2193
979 2192
978 2191
978 2189
977 2188
977 2184
976 2183
976 2181
975 2180
975 2178
974 2177
974 2175
973 2174
973 2171
972 2170
972 2168
971 2167
971 2166
970 2165
970 2162
969 2161
969 2160
968 2159
968 2158
967 2157
967 2155
966 2154
966 2151
965 2150
965 2149
964 2148
964 2147
963 2146
963 2144
962 2143
962 2141
961 2140
961 2139
960 2138
960 2137
959 2136
959 2133
958 2132
958 2131
957 2130
957 2129
956 2128
956 2126
955 2125
955 2120
954 2119
954 2116
953 2115
953 2114
952 2113
952 2109
951 2108
951 2103
950 2102
950 2100
949 2099
949 2072
950 2071
950 2061
951 2060
951 2047
952 2046
952 2039
951 2038
951 2017
950 2016
950 2013
949 2012
949 2008
948 2007
948 1998
947 1997
947 1995
946 1994
946 1991
945 1990
945 1989
944 1988
944 1983
943 1982
943 1981
942 1980
942 1978
941 1977
941 1975
940 1974
940 1970
939 1969
939 1967
938 1966
938 1965
937 1964
937 1959
936 1958
936 1955
934 1953
934 1952
933 1951
933 1945
932 1944
932 1943
931 1942
931 1940
930 1939
930 1936
929 1935
929 1932
928 1931
928 1929
927 1928
927 1927
926 1926
926 1921
925 1920
925 1919
924 1918
924 1916
923 1915
923 1912
922 1911
922 1909
921 1908
921 1907
920 1906
920 1904
919 1903
919 1901
918 1900
918 1898
917 1897
917 1895
916 1894
916 1893
915 1892
915 1887
912 1884
912 1882
911 1881
911 1878
910 1877
910 1875
908 1873
908 1872
907 1871
907 1869
906 1868
906 1867
904 1865
904 1862
902 1860
902 1859
901 1858
901 1857
900 1856
900 1853
899 1852
899 1851
897 1849
897 1847
896 1846
896 1845
895 1844
895 1843
894 1842
894 1841
893 1840
893 1838
890 1835
890 1834
889 1833
889 1831
886 1828
886 1827
885 1826
885 1825
882 1822
882 1821
870 1809
869 1809
866 1806
865 1806
862 1803
861 1803
858 1800
857 1800
855 1798
854 1798
852 1796
850 1796
848 1794
847 1794
846 1793
845 1793
844 1792
842 1792
841 1791
840 1791
839 1790
838 1790
837 1789
836 1789
835 1788
834 1788
833 1787
831 1787
830 1786
828 1786
827 1785
826 1785
825 1784
824 1784
823 1783
821 1783
820 1782
819 1782
818 1781
819 1780
819 1778
818 1777
816 1777
815 1776
811 1776
810 1775
811 1774
815 1774
814 1773
814 1772
815 1771
815 1770
816 1769
815 1768
815 1767
816 1766
816 1764
815 1764
813 1762
813 1760
814 1759
815 1760
814 1759
814 1756
813 1755
813 1746
814 1745
814 1744
813 1743
813 1740
814 1739
813 1739
812 1738
812 1739
811 1740
810 1739
810 1736
811 1735
812 1735
811 1734
811 1733
812 1732
811 1731
811 1730
812 1729
811 1730
810 1730
808 1728
809 1727
808 1726
810 1724
811 1724
812 1725
812 1727
812 1724
813 1723
812 1724
811 1724
810 1723
810 1719
811 1718
813 1718
814 1719
814 1721
814 1718
813 1718
812 1717
814 1715
814 1714
815 1713
815 1710
814 1709
814 1708
813 1707
813 1705
814 1704
813 1705
812 1704
812 1703
813 1702
812 1701
811 1701
810 1700
811 1699
811 1698
810 1697
810 1695
809 1694
808 1694
806 1692
806 1691
805 1690
803 1690
800 1687
800 1686
799 1686
798 1685
797 1685
795 1683
794 1683
793 1682
792 1682
790 1680
789 1680
788 1679
788 1678
787 1677
786 1678
785 1677
785 1676
784 1676
783 1675
784 1674
783 1675
781 1673
779 1673
778 1672
778 1671
777 1672
776 1672
774 1670
773 1670
772 1671
771 1671
766 1666
765 1666
764 1665
764 1663
763 1664
762 1663
762 1661
762 1662
761 1663
760 1662
760 1661
759 1661
758 1660
756 1660
755 1659
755 1658
752 1658
749 1655
745 1655
744 1654
744 1652
743 1651
743 1650
742 1649
740 1649
738 1647
739 1646
737 1646
734 1643
733 1643
732 1642
734 1640
734 1639
735 1638
736 1638
735 1637
735 1636
736 1635
736 1634
737 1633
737 1631
738 1630
738 1627
739 1626
740 1627
739 1626
739 1622
741 1620
742 1621
742 1622
741 1623
741 1624
743 1626
744 1625
745 1625
745 1624
746 1623
745 1624
744 1623
744 1620
745 1619
746 1620
746 1621
747 1621
745 1619
747 1617
748 1618
747 1617
747 1616
746 1615
746 1614
747 1613
749 1615
749 1614
752 1611
753 1611
754 1612
753 1613
754 1612
755 1613
754 1612
755 1611
756 1611
757 1612
758 1612
759 1611
760 1611
760 1610
761 1609
762 1609
763 1610
764 1609
762 1609
761 1608
763 1606
764 1607
765 1607
765 1606
764 1605
765 1604
766 1604
765 1604
764 1603
765 1602
766 1602
765 1601
767 1599
768 1599
768 1597
769 1596
769 1594
771 1592
774 1592
774 1590
775 1589
776 1590
777 1589
778 1589
779 1590
780 1589
780 1587
781 1586
781 1585
783 1583
785 1583
785 1582
787 1580
787 1579
786 1578
787 1577
788 1577
788 1572
789 1571
789 1570
790 1569
790 1568
791 1567
792 1568
792 1570
792 1569
793 1568
794 1568
794 1566
793 1565
794 1564
795 1564
795 1559
794 1558
795 1557
796 1557
795 1556
796 1555
795 1554
796 1553
797 1553
797 1552
800 1549
801 1549
801 1548
804 1545
804 1544
806 1542
807 1542
808 1541
808 1540
816 1532
816 1531
823 1524
823 1523
827 1519
827 1518
831 1514
831 1513
834 1510
834 1509
837 1506
838 1507
838 1508
839 1507
841 1507
841 1506
842 1505
843 1506
844 1505
845 1506
847 1504
848 1505
849 1504
849 1503
853 1499
855 1499
856 1500
855 1499
856 1498
857 1498
857 1497
858 1496
859 1496
859 1495
860 1494
861 1495
860 1494
863 1491
864 1491
864 1490
867 1487
869 1487
871 1485
871 1484
872 1483
873 1483
873 1481
874 1480
875 1481
876 1481
877 1482
877 1483
877 1481
879 1479
879 1477
881 1475
882 1475
882 1472
883 1471
884 1472
886 1472
887 1471
886 1470
887 1469
887 1468
888 1467
887 1466
891 1462
893 1462
894 1461
896 1461
897 1462
896 1461
897 1460
897 1456
896 1455
896 1454
897 1453
898 1454
899 1453
898 1454
897 1453
897 1452
897 1453
896 1454
895 1454
894 1453
895 1452
894 1451
895 1450
896 1450
896 1449
898 1447
899 1448
898 1447
898 1445
897 1444
897 1443
898 1442
899 1443
901 1443
900 1443
899 1442
900 1441
900 1440
902 1438
905 1441
905 1442
905 1441
904 1440
905 1439
905 1437
904 1437
903 1436
904 1435
905 1435
906 1434
905 1434
904 1433
905 1432
906 1432
906 1431
908 1429
907 1428
908 1427
908 1426
910 1424
910 1423
911 1422
912 1422
913 1423
913 1424
913 1422
914 1421
915 1421
915 1420
916 1419
915 1418
915 1416
914 1416
913 1415
913 1414
914 1413
916 1413
917 1412
917 1411
918 1410
917 1410
915 1408
916 1407
917 1407
918 1406
918 1404
919 1403
919 1402
917 1402
916 1401
916 1400
917 1399
918 1400
920 1398
919 1398
918 1397
919 1396
921 1396
920 1395
922 1393
922 1392
923 1391
924 1392
924 1393
924 1390
925 1389
924 1388
925 1387
926 1387
925 1386
926 1385
926 1383
927 1382
928 1383
927 1382
927 1381
928 1380
930 1382
929 1381
929 1380
928 1380
927 1379
927 1378
928 1377
930 1377
930 1376
931 1375
930 1376
929 1376
928 1375
930 1373
930 1371
931 1370
931 1369
930 1368
931 1367
931 1365
932 1364
932 1363
932 1364
931 1365
929 1363
929 1362
930 1361
930 1360
932 1358
932 1351
931 1350
933 1348
932 1347
933 1346
933 1345
934 1344
933 1344
932 1343
933 1342
934 1342
934 1338
933 1337
933 1334
932 1334
931 1333
932 1332
933 1332
932 1331
933 1330
934 1330
933 1330
932 1329
932 1328
934 1326
934 1325
933 1324
934 1323
935 1323
935 1322
934 1321
935 1320
935 1319
936 1318
937 1318
937 1317
936 1317
935 1316
936 1315
937 1315
936 1314
936 1313
937 1312
937 1311
936 1310
938 1308
938 1303
936 1301
937 1300
937 1293
938 1292
938 1290
939 1289
940 1290
938 1288
938 1285
939 1284
938 1284
937 1283
938 1282
938 1273
937 1272
938 1271
938 1269
937 1268
937 1267
938 1266
938 1265
937 1264
937 1262
938 1261
939 1261
939 1260
938 1261
937 1260
937 1259
940 1256
941 1256
940 1255
939 1255
938 1256
937 1255
937 1251
938 1250
939 1251
939 1249
940 1248
940 1247
939 1246
939 1245
938 1246
937 1246
936 1245
936 1243
937 1242
938 1243
939 1243
939 1242
938 1242
937 1241
938 1240
938 1235
937 1234
937 1232
938 1231
937 1230
936 1231
933 1231
932 1230
934 1228
936 1228
934 1226
934 1225
935 1224
936 1225
935 1224
935 1223
934 1223
935 1224
934 1225
933 1225
934 1226
934 1228
933 1229
932 1228
932 1227
931 1226
931 1221
932 1220
932 1219
931 1218
931 1213
932 1212
933 1213
934 1212
933 1213
932 1212
932 1209
930 1209
929 1208
929 1206
930 1205
931 1206
931 1207
931 1206
930 1205
930 1203
931 1202
930 1202
929 1201
929 1200
930 1199
930 1198
929 1197
929 1196
930 1195
930 1194
929 1195
929 1196
928 1197
927 1197
926 1196
927 1195
927 1194
926 1193
927 1192
928 1192
927 1192
925 1190
926 1189
927 1189
927 1188
926 1188
925 1189
924 1188
924 1184
923 1183
924 1182
924 1181
923 1180
923 1179
924 1178
924 1177
923 1176
922 1176
921 1175
922 1174
922 1170
921 1170
920 1171
919 1170
919 1169
918 1168
919 1167
918 1166
919 1165
918 1165
917 1164
918 1163
919 1163
919 1162
918 1163
917 1163
916 1162
917 1161
917 1160
916 1159
918 1157
917 1157
916 1158
914 1156
914 1155
915 1154
915 1153
914 1152
914 1151
915 1150
915 1149
915 1150
914 1151
913 1151
912 1150
913 1149
912 1149
911 1148
913 1146
913 1145
912 1146
911 1145
909 1145
910 1146
909 1147
908 1147
907 1146
907 1145
905 1143
905 1142
906 1141
907 1141
906 1140
906 1139
904 1137
905 1136
905 1135
905 1136
904 1137
903 1136
903 1132
901 1132
900 1131
900 1129
899 1129
898 1128
897 1128
896 1127
898 1125
896 1123
896 1122
895 1121
895 1120
894 1119
894 1118
893 1119
892 1118
892 1116
890 1114
890 1112
889 1111
889 1110
888 1110
887 1109
887 1107
885 1105
885 1104
884 1104
883 1103
883 1101
882 1101
881 1100
882 1099
881 1100
880 1099
880 1097
879 1096
879 1095
877 1095
876 1094
877 1093
877 1091
876 1091
875 1090
875 1088
874 1088
873 1087
873 1086
871 1084
870 1084
869 1083
869 1081
865 1077
865 1076
863 1074
864 1073
863 1072
862 1072
861 1071
861 1070
859 1068
859 1067
858 1067
857 1066
857 1065
855 1063
855 1061
854 1060
854 1059
854 1060
853 1061
850 1058
850 1057
849 1056
850 1055
848 1053
848 1052
848 1053
850 1055
848 1057
846 1055
846 1054
845 1054
842 1051
842 1049
841 1048
841 1047
840 1048
839 1047
839 1046
838 1047
837 1046
837 1045
838 1044
839 1044
839 1042
839 1043
838 1044
836 1044
835 1043
835 1040
834 1039
832 1039
831 1038
832 1037
831 1036
832 1035
832 1034
831 1033
831 1032
829 1034
828 1034
827 1033
826 1034
824 1034
823 1033
823 1030
824 1029
823 1030
821 1028
821 1027
820 1026
821 1025
820 1024
819 1025
818 1024
818 1022
816 1022
814 1020
814 1017
813 1018
814 1019
814 1021
813 1022
812 1021
812 1020
810 1018
812 1016
810 1018
809 1017
809 1015
808 1014
809 1013
808 1014
807 1013
807 1015
806 1016
803 1013
804 1012
805 1012
803 1010
802 1011
801 1010
801 1008
800 1009
799 1008
797 1008
796 1007
797 1006
798 1006
799 1005
800 1006
799 1005
798 1006
797 1005
796 1005
795 1006
794 1005
794 1003
793 1004
792 1003
792 1001
791 1002
790 1001
790 1000
791 999
789 1001
788 1000
788 999
787 1000
786 1000
785 999
786 998
785 999
784 999
783 998
784 997
784 995
783 995
782 994
781 994
781 995
780 996
779 995
779 994
778 994
777 993
777 992
776 991
775 991
774 990
772 990
771 989
772 988
771 989
770 988
770 986
769 985
768 985
767 984
767 983
768 982
769 983
768 982
767 983
767 984
766 985
765 984
765 983
764 982
763 982
762 981
762 980
759 977
758 977
757 978
755 978
754 977
755 976
756 976
757 975
756 975
755 974
755 975
754 976
753 975
752 976
750 974
749 974
748 973
745 973
743 971
743 970
742 971
740 969
740 966
739 966
738 965
737 966
736 965
736 964
735 963
734 964
733 964
732 963
731 963
730 962
729 962
728 961
725 961
724 960
724 959
722 959
720 957
720 956
718 956
717 955
717 954
718 953
719 953
717 953
716 952
715 952
715 953
714 954
713 953
713 952
712 951
712 950
712 951
710 953
709 952
708 952
707 953
706 952
705 952
703 950
703 949
703 950
702 951
701 951
700 950
700 949
699 949
698 950
697 949
697 948
696 947
695 948
694 948
693 949
691 947
690 948
689 948
688 947
690 945
690 944
691 943
690 944
690 945
689 946
688 945
687 946
686 945
686 944
685 943
685 942
685 943
684 944
683 943
683 942
682 943
681 942
681 943
680 944
679 943
679 941
680 940
679 941
678 940
678 939
676 939
675 940
673 938
673 937
671 937
670 936
669 937
668 937
667 936
666 937
664 935
661 935
660 934
659 934
658 933
656 933
655 932
654 933
653 932
653 931
652 932
650 932
649 931
650 930
647 930
646 931
645 931
644 930
643 930
642 929
642 928
641 929
640 928
639 928
638 927
637 927
636 928
634 928
632 926
631 927
629 927
628 926
629 925
628 926
626 926
625 927
624 926
623 926
622 925
621 926
620 925
619 926
617 924
616 925
614 923
615 924
614 925
613 925
612 924
611 925
606 925
605 924
606 923
604 921
604 920
604 921
603 922
602 922
601 921
602 920
599 920
598 919

