729 835
729 836
730 836
731 837
729 839
728 838
727 838
726 837
726 836
724 838
723 838
722 837
719 837
718 836
706 836
705 837
702 837
701 836
700 837
700 838
699 839
698 839
697 840
696 840
694 838
693 839
691 839
690 838
689 839
687 839
686 838
685 839
684 838
683 838
683 840
682 841
681 840
681 839
679 839
678 840
677 839
677 838
676 839
675 839
675 841
674 842
673 841
673 839
671 839
671 840
670 841
669 840
668 840
670 842
669 843
668 843
666 841
665 841
665 843
664 844
662 844
661 843
663 841
661 843
662 844
661 845
660 845
659 844
659 843
659 844
658 845
657 844
656 845
655 845
654 846
653 845
653 844
653 845
652 846
651 846
651 847
650 848
651 849
651 850
650 851
649 850
647 850
646 849
647 848
646 847
645 848
646 849
645 850
644 850
643 851
642 851
641 850
641 849
641 850
640 851
639 851
639 852
637 854
636 853
636 852
635 852
635 855
636 856
635 857
634 857
633 856
632 857
632 858
631 859
630 858
630 857
630 859
629 860
628 860
630 862
629 863
628 863
627 862
625 862
625 865
624 866
623 866
622 865
622 866
621 867
620 867
620 868
621 869
620 870
618 870
618 871
616 873
616 874
615 875
616 876
615 877
614 877
614 878
615 879
614 880
612 880
611 879
611 880
610 881
610 884
609 885
608 885
609 886
608 887
604 887
605 888
603 890
602 890
602 891
601 892
600 892
599 893
599 894
598 895
597 894
596 895
596 897
594 899
594 900
593 901
595 903
595 904
594 905
594 906
592 908
591 907
591 909
589 911
588 911
589 911
591 913
591 914
590 915
589 915
588 916
588 917
589 916
591 918
590 919
590 920
589 921
589 922
588 923
586 923
585 922
584 922
584 926
582 928
582 929
581 930
581 933
580 934
579 934
580 934
581 935
578 938
577 938
578 938
579 937
581 937
582 938
581 939
580 939
580 940
579 941
577 941
576 942
576 944
575 945
575 946
574 947
573 947
571 949
572 950
571 951
570 951
570 952
569 953
569 954
568 955
568 957
566 959
566 963
567 964
566 965
567 966
567 967
566 968
567 969
566 970
567 970
568 971
567 972
566 972
567 973
567 975
566 976
566 978
567 979
567 980
566 981
567 982
567 984
566 985
567 986
567 987
566 988
567 987
568 988
568 991
567 992
568 993
567 994
569 996
568 997
567 997
566 998
568 1000
567 1001
568 1002
568 1004
567 1005
567 1006
568 1006
569 1007
569 1008
568 1009
567 1008
566 1009
567 1009
568 1010
566 1012
567 1012
568 1013
568 1014
567 1015
568 1016
568 1017
567 1018
566 1017
565 1017
564 1018
564 1019
565 1020
565 1021
563 1023
562 1022
563 1023
562 1024
562 1025
563 1024
565 1026
565 1027
564 1028
563 1027
563 1028
564 1029
564 1037
563 1038
563 1041
562 1042
562 1044
560 1046
559 1045
555 1045
555 1046
554 1047
554 1049
553 1050
552 1049
553 1050
553 1051
552 1052
552 1053
551 1054
551 1062
550 1063
550 1064
551 1065
550 1066
551 1067
551 1071
553 1073
553 1074
554 1075
554 1083
555 1084
554 1085
554 1087
555 1088
555 1093
556 1094
556 1097
557 1098
557 1102
558 1103
558 1105
559 1106
559 1107
558 1108
557 1107
557 1110
559 1110
560 1111
561 1111
563 1113
564 1113
565 1114
566 1114
568 1116
570 1116
572 1118
573 1118
574 1119
574 1120
575 1120
576 1121
576 1122
574 1124
574 1125
572 1127
572 1129
569 1132
569 1133
567 1135
567 1136
565 1138
565 1139
563 1141
563 1142
562 1143
562 1144
561 1145
560 1145
560 1146
559 1147
559 1148
558 1149
558 1150
555 1153
555 1154
553 1156
553 1157
552 1158
551 1158
551 1159
549 1161
549 1162
546 1165
546 1166
544 1168
544 1169
542 1171
542 1173
539 1176
539 1185
541 1187
541 1188
542 1189
542 1190
544 1192
544 1193
545 1193
546 1194
546 1195
549 1198
550 1198
551 1199
551 1200
552 1200
556 1204
557 1204
560 1207
560 1208
561 1209
561 1210
562 1211
562 1218
561 1219
561 1220
560 1221
560 1224
559 1225
559 1227
558 1228
558 1235
559 1236
559 1238
560 1239
560 1241
563 1244
563 1245
564 1245
565 1246
565 1247
564 1248
563 1248
563 1249
562 1250
561 1250
559 1252
559 1253
558 1254
558 1256
557 1257
557 1260
556 1261
556 1263
557 1264
557 1268
558 1269
558 1271
559 1272
559 1273
560 1274
560 1275
565 1280
565 1282
564 1283
564 1284
563 1285
563 1288
562 1289
562 1290
560 1292
560 1294
559 1295
559 1296
558 1297
558 1299
557 1300
557 1301
556 1302
556 1303
555 1304
555 1310
554 1311
554 1316
555 1317
555 1324
556 1325
556 1326
558 1328
558 1330
559 1331
559 1332
560 1333
560 1334
563 1337
563 1338
567 1342
567 1343
568 1344
569 1344
572 1347
573 1347
574 1348
575 1348
576 1349
577 1349
578 1350
579 1350
580 1351
582 1351
583 1352
586 1352
587 1353
590 1353
591 1354
596 1354
597 1355
603 1355
604 1356
613 1356
614 1357
634 1357
635 1356
650 1356
651 1355
661 1355
662 1354
665 1357
665 1358
667 1360
667 1363
669 1365
669 1366
670 1367
670 1369
671 1370
671 1371
672 1372
672 1376
673 1377
673 1378
674 1379
674 1382
675 1383
675 1384
676 1385
676 1388
677 1389
677 1391
678 1392
678 1393
679 1394
679 1397
680 1398
680 1401
681 1402
681 1414
680 1415
680 1424
679 1425
678 1424
678 1421
677 1421
676 1422
675 1422
674 1423
673 1423
666 1430
666 1431
664 1433
663 1432
661 1432
660 1431
660 1433
661 1434
661 1436
659 1438
658 1437
658 1438
657 1439
656 1438
656 1440
658 1440
659 1439
660 1440
661 1439
662 1440
662 1441
661 1442
662 1442
663 1441
665 1441
665 1440
663 1438
663 1437
662 1437
661 1436
663 1434
669 1434
671 1432
671 1431
673 1429
675 1429
676 1428
677 1428
678 1429
678 1431
679 1432
679 1434
677 1436
673 1436
672 1437
672 1441
671 1442
668 1442
667 1443
666 1443
666 1444
664 1446
662 1444
662 1447
661 1448
661 1449
660 1450
659 1449
658 1450
658 1451
657 1452
656 1452
655 1451
656 1450
655 1451
654 1450
654 1451
653 1452
652 1451
651 1452
649 1452
647 1454
646 1454
647 1455
646 1456
645 1456
644 1455
643 1456
637 1456
632 1451
633 1452
633 1453
632 1454
631 1453
630 1453
629 1454
628 1453
628 1454
627 1455
626 1454
625 1455
624 1455
623 1454
622 1455
621 1455
620 1456
619 1455
619 1454
619 1455
618 1456
614 1456
613 1457
612 1456
610 1456
608 1454
606 1454
605 1455
604 1455
603 1454
602 1455
601 1454
598 1454
597 1453
594 1453
592 1451
591 1451
588 1448
588 1447
587 1447
586 1446
585 1446
584 1445
583 1445
582 1444
581 1444
578 1441
578 1440
577 1441
576 1440
574 1440
573 1439
572 1440
571 1440
570 1441
569 1440
565 1440
564 1439
561 1439
560 1438
556 1438
555 1437
553 1437
552 1436
549 1436
548 1435
546 1435
545 1434
546 1433
545 1433
544 1432
543 1432
542 1431
541 1431
540 1430
539 1430
538 1429
536 1429
535 1428
534 1428
533 1427
532 1428
531 1428
530 1427
531 1426
530 1425
529 1425
528 1426
527 1425
526 1425
525 1424
526 1423
527 1423
525 1421
523 1421
522 1420
523 1419
521 1417
521 1416
520 1416
519 1415
519 1413
518 1413
517 1412
517 1410
516 1410
515 1409
513 1409
512 1408
512 1407
513 1406
514 1407
513 1406
512 1406
510 1404
510 1402
509 1401
509 1400
510 1399
509 1398
509 1397
508 1396
508 1395
507 1395
506 1394
507 1393
506 1392
506 1391
505 1391
503 1389
504 1388
504 1387
503 1386
502 1386
501 1385
502 1384
503 1384
501 1382
500 1382
499 1381
500 1380
497 1377
497 1376
496 1375
496 1373
495 1372
495 1371
494 1370
494 1366
493 1365
493 1364
492 1363
492 1360
491 1359
491 1355
490 1354
490 1351
489 1350
490 1349
490 1348
489 1347
489 1345
488 1344
488 1340
487 1339
487 1335
486 1334
486 1333
485 1332
485 1330
484 1329
484 1328
482 1326
482 1323
481 1322
481 1321
480 1320
480 1315
479 1314
478 1314
477 1313
477 1312
476 1311
476 1308
475 1307
476 1306
475 1305
475 1302
474 1301
474 1298
473 1298
472 1297
473 1296
472 1296
471 1295
472 1294
472 1293
470 1291
471 1290
470 1290
469 1289
469 1288
467 1286
467 1285
466 1284
465 1284
463 1282
463 1281
461 1279
461 1278
458 1275
457 1275
456 1274
456 1273
455 1272
455 1271
454 1270
453 1270
446 1263
445 1263
441 1259
440 1259
439 1258
439 1256
438 1257
437 1256
437 1255
436 1254
435 1254
433 1252
431 1252
430 1251
429 1251
428 1250
427 1250
426 1249
427 1248
426 1247
426 1246
425 1247
424 1247
423 1246
422 1246
421 1245
419 1245
415 1241
415 1240
414 1239
413 1239
411 1237
410 1238
408 1236
407 1236
406 1237
405 1236
405 1235
404 1234
404 1233
403 1233
402 1232
399 1232
396 1229
395 1229
393 1227
394 1226
394 1225
387 1225
385 1223
386 1222
385 1222
384 1221
383 1221
382 1220
382 1219
383 1218
384 1219
383 1218
384 1217
385 1217
384 1216
383 1216
381 1214
381 1213
379 1211
379 1209
380 1208
378 1206
377 1206
376 1205
377 1204
378 1204
379 1203
381 1205
382 1205
383 1204
385 1204
386 1203
387 1204
387 1203
386 1203
385 1204
383 1202
383 1201
382 1202
381 1201
380 1201
379 1200
378 1200
377 1199
377 1198
376 1198
375 1197
375 1193
372 1190
372 1188
371 1187
371 1186
370 1185
370 1182
369 1181
370 1180
369 1181
368 1180
368 1179
367 1178
367 1176
365 1174
365 1173
364 1172
364 1170
365 1169
366 1170
367 1170
370 1173
370 1176
371 1177
371 1178
373 1180
374 1180
376 1182
376 1183
380 1187
380 1188
384 1192
384 1194
385 1195
385 1197
386 1197
387 1198
387 1199
386 1200
386 1201
386 1200
387 1199
388 1200
388 1201
389 1202
389 1203
390 1204
392 1204
393 1205
393 1209
394 1210
393 1211
393 1212
394 1213
395 1212
396 1213
398 1213
399 1212
400 1213
403 1213
404 1214
404 1215
403 1216
403 1217
401 1219
397 1219
396 1220
393 1220
392 1221
392 1222
393 1222
394 1221
397 1221
398 1220
399 1221
400 1220
403 1220
404 1219
405 1220
405 1221
413 1221
414 1220
414 1219
415 1218
416 1218
414 1216
414 1215
413 1214
412 1215
411 1215
410 1214
412 1212
411 1212
408 1209
409 1208
408 1207
408 1206
408 1207
407 1208
404 1208
403 1207
405 1205
406 1206
405 1205
405 1204
404 1203
404 1204
402 1206
400 1204
401 1203
402 1203
402 1202
401 1202
400 1201
400 1200
401 1199
401 1198
400 1197
402 1195
403 1196
403 1197
403 1196
402 1195
402 1193
403 1192
404 1193
404 1194
405 1194
403 1192
403 1191
402 1191
401 1190
401 1189
400 1188
400 1187
398 1185
397 1186
394 1183
392 1183
391 1184
390 1184
389 1185
387 1185
386 1186
389 1189
389 1190
391 1192
391 1193
390 1194
388 1194
384 1190
384 1188
382 1186
382 1185
380 1183
380 1182
379 1181
379 1180
375 1176
375 1173
373 1171
372 1171
371 1170
371 1169
370 1168
369 1168
368 1167
368 1165
367 1166
366 1166
365 1165
365 1163
363 1161
363 1159
357 1153
357 1152
354 1149
355 1148
356 1148
358 1150
359 1150
360 1149
361 1150
362 1149
363 1149
365 1151
366 1151
367 1152
368 1152
369 1153
370 1153
373 1156
373 1155
374 1154
378 1158
379 1158
381 1160
382 1160
385 1163
385 1167
386 1168
387 1168
388 1169
388 1166
387 1165
387 1163
385 1161
385 1159
383 1157
384 1156
383 1155
382 1156
381 1155
381 1154
380 1154
379 1155
377 1153
376 1154
375 1154
374 1153
375 1152
374 1152
373 1151
372 1151
371 1150
371 1149
370 1150
369 1149
368 1149
367 1148
368 1147
368 1146
367 1146
362 1141
361 1141
360 1140
360 1139
357 1136
356 1136
355 1135
354 1135
353 1134
353 1132
352 1131
352 1127
353 1126
354 1126
355 1125
357 1125
358 1124
360 1126
362 1126
363 1125
365 1127
366 1127
367 1126
370 1126
371 1127
377 1127
378 1128
380 1128
381 1129
382 1128
383 1129
384 1128
386 1128
387 1129
389 1129
388 1129
387 1128
384 1128
383 1127
382 1127
381 1128
380 1127
378 1127
377 1126
376 1126
375 1125
375 1124
370 1124
369 1123
368 1123
367 1122
366 1123
365 1122
364 1122
363 1121
362 1122
361 1121
359 1121
358 1120
356 1120
355 1119
354 1119
352 1117
352 1113
354 1111
355 1111
356 1110
357 1111
358 1110
360 1112
363 1112
364 1113
365 1112
366 1113
369 1113
370 1114
371 1114
372 1115
375 1115
376 1116
378 1116
379 1117
381 1117
382 1118
383 1118
383 1117
382 1116
381 1116
380 1115
379 1115
378 1114
377 1114
376 1113
372 1113
371 1112
370 1112
369 1111
367 1111
366 1110
364 1110
363 1109
360 1109
359 1108
360 1107
359 1107
358 1106
357 1106
355 1104
355 1103
356 1102
360 1102
360 1100
359 1099
360 1098
359 1097
359 1095
360 1094
360 1093
362 1091
362 1090
361 1090
359 1088
359 1084
357 1082
357 1077
356 1076
356 1070
357 1069
357 1067
359 1065
359 1064
361 1062
362 1062
363 1061
363 1058
364 1057
364 1054
363 1053
364 1052
364 1044
363 1043
364 1042
364 1038
363 1038
362 1037
363 1036
363 1035
364 1034
364 1033
365 1032
365 1031
366 1030
366 1029
367 1028
367 1025
366 1024
367 1023
368 1023
367 1022
368 1021
368 1010
367 1009
367 1006
368 1005
368 1002
368 1005
367 1006
366 1005
366 998
367 997
367 996
368 995
367 994
367 993
368 992
367 991
367 984
366 983
367 982
367 981
366 980
366 966
365 967
364 966
364 954
363 953
363 952
359 948
359 946
358 946
356 944
355 944
353 942
352 942
351 941
348 941
347 940
346 940
345 941
344 940
343 941
339 941
338 942
335 942
334 943
333 942
334 943
333 944
332 944
329 947
327 947
327 948
325 950
324 949
324 948
324 949
323 950
322 950
322 951
321 952
320 952
321 953
320 954
318 954
318 956
316 958
315 958
314 959
314 960
315 961
311 965
311 966
310 967
310 968
309 969
308 969
306 971
306 972
305 973
305 974
303 976
303 978
302 979
302 980
301 981
301 982
300 983
300 984
299 985
299 986
298 987
298 988
294 992
294 993
291 996
291 997
289 999
289 1000
285 1004
284 1004
283 1005
282 1005
281 1006
281 1007
280 1008
280 1009
279 1010
278 1010
278 1011
277 1012
277 1013
276 1014
275 1014
273 1016
270 1016
269 1015
269 1014
268 1013
269 1012
268 1011
268 1001
269 1000
270 1001
269 1000
269 997
270 996
271 996
271 993
272 992
272 990
271 989
271 988
272 987
272 985
271 985
271 987
270 988
270 990
268 992
268 993
269 994
269 995
267 997
267 998
266 999
266 1001
265 1002
265 1003
264 1004
264 1018
262 1020
261 1020
259 1018
259 1009
258 1008
258 1002
257 1003
256 1002
256 1001
257 1000
256 1001
255 1001
254 1000
254 1001
253 1002
252 1001
253 1002
253 1004
254 1005
254 1006
255 1007
255 1008
254 1009
255 1010
255 1011
256 1012
256 1013
257 1014
256 1015
256 1020
257 1021
254 1024
252 1024
251 1023
251 1022
250 1021
250 1020
250 1021
249 1022
248 1021
245 1024
244 1023
243 1024
242 1023
242 1022
240 1024
239 1023
238 1024
237 1023
236 1024
235 1024
234 1023
233 1024
233 1026
232 1027
231 1026
230 1027
229 1027
228 1026
227 1027
224 1027
222 1029
220 1029
219 1030
218 1030
217 1031
216 1031
215 1032
214 1032
213 1033
210 1033
208 1035
205 1035
204 1036
202 1036
200 1038
199 1038
196 1035
196 1029
197 1028
197 1027
198 1026
200 1026
201 1025
202 1025
202 1024
203 1023
203 1022
204 1021
205 1022
205 1021
207 1019
208 1019
210 1017
212 1017
213 1016
216 1019
217 1018
218 1018
219 1019
218 1020
219 1019
220 1020
221 1020
221 1018
222 1017
222 1016
224 1014
225 1015
225 1016
225 1015
226 1014
227 1015
227 1013
228 1012
229 1013
229 1014
230 1013
231 1013
232 1014
230 1016
231 1016
232 1015
233 1016
233 1015
235 1013
236 1014
237 1014
238 1013
239 1014
239 1015
239 1014
238 1013
237 1014
235 1012
236 1011
236 1010
236 1011
235 1012
235 1013
234 1014
233 1013
231 1013
230 1012
229 1012
228 1011
227 1011
226 1010
225 1011
224 1011
223 1010
221 1010
219 1012
218 1012
217 1011
219 1013
218 1014
217 1014
216 1013
215 1013
216 1014
215 1015
213 1015
212 1016
211 1015
210 1016
208 1016
207 1017
206 1017
205 1018
205 1019
204 1020
203 1019
203 1018
203 1019
202 1020
201 1019
194 1019
193 1018
193 1019
192 1020
190 1020
189 1019
189 1017
188 1016
188 1017
186 1019
185 1018
184 1019
183 1019
183 1020
182 1021
181 1020
180 1021
179 1020
178 1020
177 1021
177 1022
176 1023
175 1022
174 1023
173 1023
174 1024
173 1025
172 1025
173 1026
174 1026
175 1027
175 1028
177 1028
178 1027
180 1027
181 1026
182 1026
185 1029
185 1030
186 1030
186 1029
185 1028
185 1027
184 1026
184 1024
182 1022
185 1019
187 1021
187 1023
188 1024
188 1026
189 1027
189 1029
190 1030
190 1032
191 1033
190 1034
190 1035
193 1038
193 1039
194 1040
194 1041
193 1042
191 1042
187 1038
186 1038
183 1035
182 1035
181 1034
181 1033
180 1032
179 1032
178 1031
177 1031
177 1032
178 1033
179 1033
180 1034
180 1035
181 1036
181 1037
180 1038
177 1035
179 1037
179 1038
180 1039
180 1038
181 1037
185 1041
185 1042
184 1043
183 1043
182 1042
176 1042
175 1043
174 1043
173 1042
170 1042
169 1041
166 1041
164 1039
162 1039
161 1038
159 1038
158 1037
156 1037
155 1036
154 1036
151 1033
150 1033
149 1032
148 1032
147 1031
146 1031
145 1030
143 1030
142 1029
140 1029
137 1026
136 1027
134 1025
133 1025
132 1024
131 1024
130 1023
129 1023
128 1022
127 1022
125 1020
121 1020
120 1019
121 1018
120 1019
119 1019
118 1018
117 1018
116 1017
113 1017
112 1016
109 1016
108 1015
103 1015
102 1014
101 1015
100 1014
97 1014
96 1013
95 1013
94 1012
92 1012
91 1011
90 1011
89 1012
86 1012
84 1014
83 1013
82 1013
81 1014
80 1013
79 1014
77 1014
76 1015
75 1015
75 1017
74 1018
73 1017
73 1018
71 1020
69 1020
69 1021
68 1022
68 1023
67 1024
67 1025
68 1026
68 1027
67 1028
67 1029
68 1030
67 1031
67 1032
68 1033
67 1034
68 1035
68 1038
69 1039
69 1041
70 1042
70 1044
71 1045
71 1046
75 1050
75 1051
76 1051
77 1052
76 1053
77 1054
79 1054
80 1055
79 1056
78 1056
79 1057
80 1057
82 1059
82 1060
84 1062
83 1063
84 1064
85 1064
87 1066
86 1067
87 1068
87 1069
88 1068
89 1069
89 1073
90 1073
91 1074
90 1075
91 1075
93 1077
93 1080
94 1081
95 1081
96 1082
96 1083
97 1084
96 1085
97 1085
99 1087
98 1088
98 1089
100 1091
101 1091
104 1094
103 1095
104 1096
104 1097
105 1098
105 1099
106 1100
106 1101
107 1102
108 1102
111 1105
111 1106
113 1106
114 1107
113 1108
113 1109
114 1109
115 1110
115 1112
116 1111
117 1112
118 1111
119 1112
119 1113
123 1117
123 1118
126 1121
126 1122
133 1129
135 1129
136 1130
136 1131
143 1138
143 1139
145 1141
145 1142
147 1144
147 1146
149 1148
149 1149
150 1150
150 1151
149 1152
149 1153
144 1158
144 1159
141 1162
143 1162
144 1161
145 1161
150 1156
151 1157
152 1156
153 1156
154 1155
155 1155
156 1156
156 1157
157 1158
158 1157
159 1157
161 1159
161 1161
160 1162
160 1164
161 1165
163 1165
164 1166
165 1166
166 1167
166 1169
164 1171
164 1172
160 1176
159 1176
159 1177
157 1179
156 1179
156 1180
155 1181
155 1182
153 1184
153 1186
152 1187
152 1188
151 1189
151 1190
149 1192
149 1194
148 1195
148 1196
147 1197
146 1196
145 1196
143 1194
143 1191
145 1189
144 1189
144 1190
143 1191
142 1190
141 1191
140 1191
137 1188
137 1189
136 1190
135 1189
135 1191
134 1192
133 1191
134 1192
135 1191
136 1191
137 1192
137 1193
136 1194
136 1195
137 1195
139 1197
139 1199
140 1198
141 1199
141 1200
140 1201
141 1201
142 1202
142 1203
143 1204
142 1205
142 1206
143 1205
144 1206
144 1207
143 1208
144 1209
145 1209
146 1210
144 1212
145 1212
146 1213
145 1214
145 1215
146 1216
145 1217
146 1217
146 1216
147 1215
148 1215
150 1213
151 1213
153 1211
154 1211
154 1210
155 1209
155 1208
157 1206
157 1205
160 1202
160 1201
162 1199
162 1196
161 1195
161 1192
163 1190
163 1189
165 1187
165 1186
167 1184
168 1185
169 1184
169 1183
170 1182
169 1181
171 1179
173 1181
173 1183
172 1184
172 1187
170 1189
171 1190
171 1191
170 1192
170 1193
168 1195
169 1196
169 1197
168 1198
168 1201
167 1202
166 1202
166 1205
164 1207
163 1206
163 1204
162 1204
163 1205
162 1206
161 1206
160 1207
160 1209
159 1210
159 1211
160 1210
160 1209
161 1208
162 1208
162 1207
163 1206
164 1207
164 1209
162 1211
162 1212
161 1213
161 1214
160 1215
160 1217
161 1216
161 1215
162 1214
163 1214
163 1212
164 1211
164 1210
165 1209
165 1208
166 1207
166 1206
167 1205
168 1205
168 1204
169 1203
168 1202
168 1201
170 1199
170 1198
171 1197
171 1196
172 1195
172 1193
173 1192
173 1191
174 1190
175 1191
176 1190
175 1189
175 1188
177 1186
179 1188
178 1189
178 1191
177 1192
177 1193
176 1194
176 1197
174 1199
174 1200
173 1201
173 1205
172 1206
172 1209
171 1210
171 1215
170 1216
170 1218
169 1219
169 1236
169 1232
170 1231
170 1219
171 1218
171 1216
172 1215
172 1208
173 1207
173 1205
174 1204
175 1204
175 1203
176 1202
176 1201
175 1200
176 1199
176 1198
177 1197
177 1196
178 1195
177 1194
178 1193
178 1192
179 1191
179 1190
180 1189
182 1191
182 1192
181 1193
181 1195
179 1197
179 1198
178 1199
178 1201
179 1202
179 1205
178 1206
177 1206
177 1207
176 1208
177 1208
178 1209
178 1216
177 1217
177 1228
178 1229
178 1236
177 1237
178 1238
177 1239
177 1240
178 1241
178 1243
179 1244
179 1248
180 1249
180 1250
179 1251
177 1251
176 1250
176 1249
175 1248
175 1246
176 1245
174 1243
175 1244
173 1246
171 1244
171 1243
171 1245
172 1246
172 1247
173 1248
173 1249
175 1251
175 1252
177 1254
178 1253
179 1253
180 1254
180 1251
182 1249
181 1249
180 1248
181 1247
182 1247
182 1246
181 1245
181 1242
181 1245
182 1246
181 1247
180 1247
179 1246
179 1244
178 1243
178 1241
179 1240
179 1234
181 1232
181 1231
181 1232
180 1233
179 1232
179 1230
180 1229
181 1229
180 1229
179 1228
179 1227
178 1226
178 1218
179 1217
180 1218
180 1225
181 1226
181 1227
181 1226
180 1225
181 1224
181 1222
180 1221
181 1220
181 1212
182 1211
183 1212
183 1214
183 1210
184 1209
185 1210
185 1215
186 1216
186 1217
187 1218
187 1220
188 1221
188 1223
189 1223
188 1222
188 1218
187 1217
187 1216
186 1215
186 1211
185 1210
185 1203
186 1202
187 1203
185 1201
185 1195
187 1193
188 1193
189 1194
190 1194
191 1195
191 1204
192 1205
192 1208
191 1209
190 1208
190 1207
190 1211
190 1210
191 1209
193 1211
193 1214
194 1215
194 1218
195 1219
195 1220
196 1221
196 1222
197 1223
197 1225
199 1227
199 1228
200 1228
201 1229
201 1230
202 1231
204 1231
204 1228
203 1227
203 1229
204 1230
203 1231
202 1231
201 1230
201 1229
200 1228
200 1226
198 1224
198 1222
197 1221
197 1219
195 1217
195 1215
194 1214
194 1213
193 1212
193 1200
194 1199
195 1200
196 1200
197 1201
197 1202
196 1203
197 1204
198 1204
199 1205
197 1207
198 1206
199 1207
199 1209
200 1208
201 1209
201 1214
200 1215
199 1215
197 1213
197 1214
198 1215
199 1215
201 1217
201 1218
202 1219
202 1220
203 1221
203 1222
204 1223
204 1224
205 1225
205 1226
206 1226
208 1228
207 1229
208 1230
208 1231
207 1232
207 1233
206 1234
206 1235
205 1236
206 1237
206 1238
207 1239
208 1238
209 1238
211 1240
211 1241
213 1243
214 1243
215 1244
215 1245
216 1246
216 1247
217 1247
220 1250
221 1250
222 1251
222 1256
223 1257
222 1258
223 1257
224 1258
224 1259
223 1260
224 1261
225 1260
226 1261
226 1262
225 1263
226 1264
225 1265
225 1266
226 1267
224 1269
224 1270
225 1271
225 1273
224 1274
225 1275
224 1276
224 1278
223 1279
223 1280
225 1282
224 1283
223 1283
223 1284
225 1282
225 1281
226 1280
226 1277
227 1276
229 1276
230 1277
231 1277
232 1278
230 1280
229 1279
230 1280
229 1281
229 1282
227 1284
228 1284
229 1285
229 1287
228 1288
229 1289
228 1290
227 1290
228 1290
229 1291
229 1292
228 1293
228 1294
229 1295
229 1296
228 1297
228 1298
226 1300
226 1301
228 1303
227 1304
227 1305
226 1306
226 1307
225 1308
226 1308
227 1309
227 1310
226 1311
226 1313
225 1314
223 1314
222 1315
221 1315
222 1315
224 1317
224 1318
223 1319
223 1320
221 1322
221 1324
222 1323
223 1324
224 1323
225 1324
225 1326
223 1328
223 1329
222 1330
223 1330
225 1332
224 1333
224 1334
226 1336
226 1337
227 1338
227 1339
226 1340
226 1341
227 1342
228 1341
229 1342
229 1343
230 1344
230 1346
229 1347
229 1348
230 1349
230 1350
231 1351
231 1354
229 1356
226 1356
226 1357
225 1358
226 1358
227 1357
229 1357
230 1356
231 1357
231 1358
233 1360
232 1361
232 1362
233 1363
233 1364
232 1365
232 1367
234 1369
234 1370
235 1371
235 1373
236 1374
235 1375
235 1378
234 1379
234 1384
235 1385
235 1388
234 1389
233 1389
233 1390
232 1391
231 1391
230 1392
231 1393
233 1393
235 1395
235 1396
236 1397
235 1398
235 1400
236 1401
236 1403
234 1405
235 1406
235 1407
236 1406
238 1408
236 1410
235 1410
235 1416
234 1417
233 1416
234 1417
233 1418
230 1418
230 1419
231 1420
231 1421
230 1422
229 1422
228 1423
227 1423
229 1423
230 1424
230 1425
229 1426
228 1426
227 1427
227 1428
225 1430
222 1430
222 1431
223 1432
222 1433
222 1434
220 1436
218 1436
218 1437
217 1438
217 1439
218 1440
218 1441
217 1442
217 1443
218 1444
218 1445
216 1447
216 1448
217 1449
217 1452
216 1453
216 1455
215 1456
216 1457
215 1458
215 1461
214 1462
214 1463
215 1464
214 1465
214 1466
215 1467
214 1468
213 1468
215 1470
214 1471
213 1471
214 1472
213 1473
213 1474
214 1475
213 1476
213 1477
214 1478
214 1483
215 1484
214 1485
214 1487
213 1488
212 1487
211 1487
210 1486
210 1484
209 1483
210 1482
209 1481
209 1478
207 1476
208 1475
207 1476
205 1476
206 1477
206 1478
205 1479
205 1481
204 1482
204 1483
205 1484
205 1489
208 1492
212 1492
214 1494
212 1496
213 1497
212 1498
212 1501
211 1502
210 1502
209 1503
209 1504
212 1507
211 1508
211 1509
212 1510
210 1512
210 1513
211 1514
211 1516
210 1517
210 1518
211 1519
209 1521
209 1523
210 1524
209 1525
208 1525
208 1526
210 1528
210 1529
209 1530
205 1530
204 1531
203 1531
203 1532
202 1533
203 1534
201 1536
201 1538
202 1538
203 1539
203 1540
204 1541
204 1542
203 1543
202 1543
201 1544
201 1548
202 1549
201 1550
200 1550
199 1551
201 1553
197 1557
196 1557
197 1558
197 1559
198 1560
198 1561
197 1562
197 1564
196 1565
195 1565
196 1566
195 1567
194 1567
193 1568
193 1569
192 1570
191 1569
190 1569
189 1570
189 1571
190 1572
189 1573
189 1574
188 1575
187 1575
187 1576
188 1577
187 1578
188 1577
189 1578
189 1582
186 1585
185 1585
185 1587
184 1588
185 1589
184 1590
182 1590
182 1591
183 1591
184 1592
182 1594
182 1595
181 1596
180 1596
180 1598
179 1599
178 1599
177 1600
177 1601
176 1602
176 1603
173 1606
173 1609
171 1611
171 1613
170 1614
169 1614
170 1615
168 1617
168 1620
167 1621
166 1621
166 1622
164 1624
164 1629
162 1631
162 1632
160 1634
160 1635
159 1636
159 1637
157 1639
157 1642
156 1643
156 1644
154 1646
153 1646
152 1647
151 1647
151 1648
150 1649
150 1650
151 1651
149 1653
148 1653
146 1655
145 1655
147 1657
146 1658
146 1659
145 1660
145 1662
144 1663
143 1663
141 1665
140 1664
140 1663
140 1665
139 1666
138 1665
138 1666
137 1667
138 1668
138 1669
137 1670
136 1670
136 1671
135 1672
134 1672
134 1673
133 1674
132 1673
127 1673
126 1672
126 1671
125 1670
125 1668
126 1667
126 1666
125 1667
123 1667
121 1669
120 1669
120 1671
119 1672
119 1674
120 1673
121 1673
122 1672
123 1672
124 1671
125 1671
127 1673
127 1674
128 1675
129 1674
130 1675
132 1675
133 1676
132 1677
133 1678
133 1679
134 1680
133 1681
133 1682
131 1684
131 1685
130 1686
129 1686
128 1687
128 1688
127 1689
128 1690
128 1692
127 1693
128 1694
127 1695
126 1695
126 1698
128 1698
129 1699
128 1700
129 1701
125 1705
125 1706
127 1706
128 1707
127 1708
127 1709
126 1710
126 1711
125 1712
124 1711
124 1712
123 1713
122 1713
122 1714
123 1714
124 1715
119 1720
119 1721
118 1722
117 1721
117 1723
116 1724
115 1723
114 1724
114 1725
113 1726
112 1726
113 1727
113 1728
113 1726
114 1725
116 1725
117 1724
119 1726
118 1727
117 1727
117 1728
116 1729
115 1728
115 1730
113 1732
114 1732
115 1733
112 1736
112 1737
113 1738
113 1739
112 1740
110 1738
109 1739
109 1743
107 1745
106 1745
106 1747
108 1749
106 1751
107 1752
106 1753
105 1753
104 1754
104 1755
105 1756
104 1757
104 1758
103 1759
104 1759
105 1760
103 1762
103 1764
102 1765
102 1766
101 1767
100 1767
100 1768
99 1769
98 1769
99 1770
97 1772
96 1772
95 1773
94 1773
92 1775
91 1775
91 1776
89 1778
90 1779
89 1780
89 1782
90 1783
90 1784
91 1784
92 1785
92 1786
93 1786
94 1787
94 1788
92 1790
93 1791
92 1792
91 1792
90 1793
90 1795
89 1796
89 1797
88 1798
87 1798
88 1798
89 1799
89 1804
86 1807
85 1807
85 1809
84 1810
83 1810
82 1811
81 1811
81 1812
80 1813
80 1814
81 1814
83 1816
84 1816
85 1817
84 1818
84 1819
83 1820
82 1820
82 1821
81 1822
80 1822
80 1823
79 1824
78 1824
79 1825
78 1826
78 1828
77 1829
78 1830
78 1831
77 1832
77 1834
75 1836
74 1836
73 1837
73 1841
71 1843
70 1843
68 1845
66 1845
64 1847
64 1848
61 1851
61 1853
62 1854
62 1855
63 1856
63 1859
64 1860
63 1861
63 1862
62 1863
61 1863
60 1864
58 1862
58 1861
57 1860
58 1861
58 1862
57 1863
57 1866
58 1867
57 1868
57 1869
56 1870
59 1867
59 1866
60 1865
61 1866
61 1867
62 1868
62 1869
61 1870
60 1869
56 1873
56 1874
56 1873
57 1872
58 1872
60 1874
60 1875
63 1878
62 1879
62 1880
61 1881
61 1884
62 1885
62 1886
61 1887
61 1890
62 1891
63 1890
64 1891
64 1897
63 1898
63 1900
64 1901
64 1905
63 1906
63 1907
64 1908
64 1910
61 1913
61 1914
62 1915
61 1916
61 1917
62 1918
62 1919
61 1920
61 1923
62 1924
61 1925
60 1925
60 1926
61 1927
60 1928
60 1929
59 1930
58 1930
57 1931
57 1932
56 1933
53 1930
55 1932
55 1933
54 1934
53 1934
53 1935
52 1936
52 1939
53 1940
52 1941
52 1943
53 1944
52 1945
52 1951
53 1952
52 1953
52 1954
53 1955
52 1956
52 1958
53 1959
53 1961
52 1962
52 1963
53 1964
53 1965
52 1966
51 1965
52 1966
52 1967
53 1968
53 1969
52 1970
52 1971
51 1972
51 1973
52 1973
53 1974
53 1977
52 1978
51 1977
51 1976
51 1978
52 1978
53 1977
54 1978
54 1979
53 1980
53 1981
52 1982
52 1983
53 1984
53 1985
54 1986
53 1987
54 1988
53 1989
51 1989
50 1988
51 1989
50 1990
50 1991
52 1993
52 1995
51 1996
50 1995
50 1997
51 1997
52 1998
51 1999
50 1999
50 2000
51 2001
50 2002
49 2002
50 2003
49 2004
49 2005
50 2004
51 2005
52 2004
53 2005
53 2006
54 2007
54 2008
55 2009
54 2008
55 2007
55 2006
54 2005
55 2004
54 2003
54 2001
53 2000
54 1999
55 1999
59 2003
58 2004
58 2005
59 2006
59 2007
58 2008
58 2009
60 2009
61 2008
64 2011
64 2012
63 2013
63 2015
62 2016
62 2020
63 2019
64 2020
64 2021
63 2022
63 2025
62 2026
62 2027
61 2028
62 2027
63 2028
63 2029
64 2030
64 2032
65 2031
66 2032
66 2033
65 2034
66 2035
66 2036
67 2037
66 2038
66 2041
67 2040
68 2041
68 2042
69 2043
69 2044
70 2045
70 2046
71 2047
71 2050
70 2051
70 2052
71 2052
72 2053
72 2054
73 2055
73 2056
75 2058
75 2059
76 2060
76 2062
77 2063
77 2064
78 2064
79 2065
79 2067
80 2067
81 2068
81 2071
80 2072
82 2074
81 2075
81 2076
82 2077
82 2078
81 2079
82 2079
83 2080
83 2081
84 2082
86 2082
87 2081
88 2082
88 2083
87 2084
88 2085
88 2086
89 2087
89 2096
91 2098
92 2098
93 2099
92 2100
92 2101
94 2103
94 2104
97 2104
99 2106
99 2107
98 2108
99 2109
99 2110
98 2111
98 2112
99 2113
98 2114
98 2116
99 2117
99 2118
100 2119
100 2120
101 2121
100 2120
101 2119
101 2118
102 2117
104 2117
104 2116
105 2115
106 2116
106 2128
107 2129
108 2129
110 2131
111 2131
112 2132
112 2134
113 2134
114 2135
114 2137
115 2138
115 2139
117 2141
117 2146
118 2147
118 2151
119 2152
119 2153
119 2152
118 2151
118 2150
119 2149
121 2149
122 2150
122 2153
123 2154
123 2158
124 2159
124 2161
127 2164
126 2165
127 2166
127 2169
128 2170
130 2170
131 2171
131 2173
132 2174
132 2175
134 2175
136 2177
137 2177
138 2178
138 2179
137 2180
136 2179
136 2181
137 2181
138 2182
138 2181
139 2180
140 2181
140 2183
139 2184
139 2185
140 2186
140 2187
139 2188
139 2195
140 2194
141 2194
142 2193
143 2194
144 2194
145 2195
145 2202
145 2201
146 2200
147 2201
147 2203
146 2204
146 2205
147 2206
147 2210
148 2211
148 2213
149 2213
150 2214
150 2216
149 2217
151 2219
151 2224
152 2225
151 2226
152 2226
153 2227
152 2228
152 2231
151 2232
146 2227
146 2226
143 2226
142 2225
143 2224
143 2223
144 2222
143 2221
143 2219
142 2218
142 2217
141 2217
140 2216
140 2215
139 2215
138 2214
139 2213
138 2212
138 2211
137 2212
136 2211
136 2210
134 2208
134 2207
131 2204
131 2203
133 2201
134 2201
136 2199
135 2199
134 2198
133 2198
131 2196
132 2195
132 2193
131 2192
131 2191
130 2191
129 2190
129 2189
128 2188
128 2187
127 2186
128 2185
127 2185
126 2184
127 2183
127 2182
126 2181
126 2179
124 2177
125 2176
125 2175
124 2175
123 2174
124 2173
123 2173
122 2172
122 2171
118 2171
117 2170
116 2170
115 2169
115 2168
114 2167
115 2166
115 2165
114 2164
115 2163
116 2163
114 2161
114 2160
113 2159
114 2158
114 2152
113 2151
113 2150
111 2148
111 2144
110 2144
109 2143
109 2141
108 2141
107 2142
106 2141
106 2140
107 2139
108 2139
108 2138
107 2137
107 2136
105 2134
104 2134
103 2133
104 2132
104 2130
102 2130
101 2129
101 2130
99 2132
98 2131
98 2130
99 2129
99 2128
98 2127
97 2127
96 2126
96 2124
95 2124
95 2125
96 2126
95 2127
94 2127
94 2128
93 2129
92 2129
93 2129
94 2130
94 2131
95 2132
94 2133
95 2132
96 2133
97 2133
98 2134
99 2134
99 2133
100 2132
101 2133
101 2134
102 2134
103 2135
101 2137
102 2138
101 2139
100 2139
104 2139
105 2138
106 2139
106 2143
105 2144
106 2144
108 2146
107 2147
106 2147
106 2149
107 2148
108 2149
108 2152
109 2152
110 2153
108 2155
109 2154
111 2156
112 2155
113 2155
114 2156
114 2157
113 2158
112 2158
114 2160
114 2161
113 2162
112 2162
111 2161
111 2160
111 2161
112 2162
112 2163
110 2165
110 2166
112 2168
112 2169
113 2170
113 2171
114 2172
113 2173
114 2172
117 2175
117 2176
118 2177
118 2178
119 2178
120 2177
122 2179
121 2180
120 2180
120 2181
122 2181
123 2182
122 2183
121 2183
121 2184
123 2184
124 2185
125 2185
126 2184
127 2185
127 2186
126 2187
125 2187
127 2189
125 2191
124 2191
123 2190
124 2189
123 2188
123 2187
122 2186
122 2187
121 2188
122 2187
124 2189
123 2190
125 2192
125 2193
124 2194
125 2193
127 2195
126 2196
125 2196
129 2200
128 2201
129 2202
128 2203
127 2203
127 2204
128 2205
128 2206
130 2208
130 2210
131 2210
132 2209
134 2209
135 2210
135 2212
136 2211
138 2213
138 2214
139 2215
138 2216
139 2217
141 2217
142 2218
141 2219
140 2219
140 2220
141 2221
140 2220
141 2219
142 2219
143 2220
143 2222
142 2223
143 2224
142 2225
143 2226
143 2227
144 2227
145 2228
145 2229
144 2230
145 2230
146 2231
144 2233
145 2233
146 2234
146 2235
145 2236
146 2235
147 2236
147 2239
148 2240
147 2241
148 2240
149 2241
149 2242
148 2243
147 2243
147 2244
149 2246
148 2247
149 2247
150 2248
150 2249
150 2247
149 2246
150 2245
151 2245
152 2246
152 2249
154 2249
155 2248
154 2248
153 2249
152 2248
152 2246
153 2245
154 2246
156 2246
155 2246
154 2245
156 2243
157 2244
158 2243
159 2244
160 2244
161 2245
160 2246
160 2247
161 2248
160 2249
161 2249
162 2250
162 2254
163 2254
166 2257
166 2260
167 2261
167 2265
166 2266
167 2267
167 2268
168 2269
168 2270
169 2271
169 2276
170 2275
172 2275
173 2276
174 2276
175 2277
175 2278
174 2279
173 2279
173 2282
174 2283
174 2286
175 2286
176 2287
177 2287
178 2288
179 2288
180 2289
180 2290
181 2291
181 2292
183 2294
183 2295
184 2296
184 2298
185 2299
185 2303
186 2304
186 2305
187 2306
186 2307
186 2308
187 2309
187 2312
188 2311
189 2312
189 2313
187 2315
188 2316
188 2317
187 2318
187 2320
186 2321
186 2323
187 2322
188 2323
188 2324
187 2325
185 2325
185 2326
184 2327
182 2327
182 2328
181 2329
179 2329
180 2330
182 2330
183 2331
183 2330
184 2329
185 2330
185 2332
184 2333
184 2334
183 2335
183 2336
182 2337
182 2338
181 2339
181 2340
180 2341
180 2345
178 2347
178 2349
176 2351
176 2352
170 2358
169 2358
167 2360
166 2360
164 2362
164 2367
166 2369
166 2371
164 2373
164 2379
165 2380
165 2381
166 2382
166 2383
167 2383
168 2384
168 2385
167 2386
166 2386
166 2391
167 2392
167 2393
168 2394
166 2396
166 2399
744 2399
744 2397
745 2396
745 2394
746 2393
746 2387
747 2386
747 2381
748 2380
748 2374
749 2373
749 2371
750 2370
750 2365
751 2364
751 2359
752 2358
752 2357
753 2356
753 2352
754 2351
754 2349
755 2348
755 2341
756 2340
756 2338
757 2337
757 2333
758 2332
758 2330
759 2329
759 2327
760 2326
760 2318
761 2317
761 2315
762 2314
762 2310
763 2309
763 2307
764 2306
764 2300
765 2299
765 2297
766 2296
766 2294
767 2293
767 2289
768 2288
768 2284
769 2283
769 2279
770 2278
770 2276
771 2275
771 2271
772 2270
772 2266
773 2265
773 2264
774 2263
774 2258
775 2257
775 2256
776 2255
776 2247
777 2246
777 2245
778 2244
778 2240
779 2239
779 2237
780 2236
780 2234
781 2233
781 2227
782 2226
782 2224
783 2223
783 2218
784 2217
784 2215
785 2214
785 2207
786 2206
786 2204
787 2203
787 2202
788 2201
788 2196
789 2195
789 2190
790 2189
790 2185
791 2184
791 2183
792 2182
792 2178
793 2177
793 2174
794 2173
794 2172
795 2171
795 2167
796 2166
796 2165
797 2164
797 2159
798 2158
798 2156
799 2155
799 2152
800 2151
800 2150
801 2149
801 2146
802 2145
802 2141
803 2140
803 2139
804 2138
804 2135
805 2134
805 2131
806 2130
806 2127
807 2126
807 2125
808 2124
808 2123
809 2122
809 2118
810 2117
810 2116
811 2115
811 2111
812 2110
812 2109
813 2108
813 2102
814 2101
814 2099
815 2098
815 2097
816 2096
816 2093
817 2092
817 2091
818 2090
818 2086
820 2084
820 2081
821 2080
821 2079
822 2078
822 2076
823 2075
823 2073
824 2072
824 2071
825 2070
825 2068
826 2067
826 2065
827 2064
827 2062
828 2061
828 2060
830 2058
830 2055
831 2054
831 2053
832 2052
832 2051
833 2050
833 2049
834 2048
834 2046
835 2045
835 2044
837 2042
837 2040
838 2039
838 2038
839 2037
839 2034
841 2032
841 2031
842 2030
842 2029
843 2028
843 2027
844 2026
844 2024
846 2022
846 2020
847 2019
847 2018
848 2017
848 2015
850 2013
850 2012
851 2011
851 2009
852 2008
852 2007
853 2006
853 2005
854 2004
854 2003
855 2002
855 1999
857 1997
857 1996
858 1995
858 1994
859 1993
859 1992
860 1991
860 1988
862 1986
862 1984
864 1982
864 1980
865 1979
865 1978
867 1976
867 1974
868 1973
868 1972
869 1971
869 1969
871 1967
871 1966
872 1965
872 1964
874 1962
874 1961
876 1959
876 1956
877 1955
878 1955
878 1954
879 1953
879 1952
881 1950
881 1948
882 1947
882 1946
883 1945
883 1944
884 1943
884 1942
885 1941
885 1940
886 1939
886 1938
888 1936
888 1933
890 1931
890 1930
892 1928
892 1926
895 1923
895 1921
897 1919
897 1917
898 1916
898 1915
899 1914
899 1913
901 1911
901 1910
902 1909
902 1907
904 1905
904 1903
905 1902
905 1900
906 1899
906 1898
907 1897
907 1896
909 1894
909 1890
911 1888
911 1886
913 1884
913 1880
914 1879
914 1878
916 1876
916 1873
918 1871
918 1866
920 1864
920 1862
921 1861
921 1860
922 1859
922 1857
923 1856
923 1854
925 1852
925 1849
926 1848
926 1847
927 1846
927 1844
928 1843
928 1842
930 1840
930 1836
932 1834
932 1832
933 1831
933 1830
934 1829
934 1825
935 1824
935 1823
936 1822
936 1821
937 1820
937 1817
938 1816
938 1815
939 1814
939 1811
940 1810
940 1809
941 1808
941 1806
942 1805
942 1804
943 1803
943 1801
944 1800
944 1797
946 1795
946 1792
947 1791
947 1789
948 1788
948 1786
949 1785
949 1784
951 1782
951 1778
952 1777
952 1776
953 1775
953 1773
954 1772
954 1771
955 1770
955 1767
956 1766
956 1764
958 1762
958 1759
959 1758
959 1756
960 1755
960 1751
961 1750
961 1749
962 1748
962 1745
963 1744
963 1742
964 1741
964 1738
965 1737
965 1733
966 1732
966 1731
967 1730
967 1723
968 1722
968 1720
969 1719
969 1717
970 1716
970 1713
971 1712
971 1711
972 1710
972 1704
973 1703
973 1701
974 1700
974 1695
975 1694
975 1691
976 1690
976 1678
977 1677
977 1671
978 1670
978 1664
979 1663
979 1634
978 1633
978 1625
977 1624
977 1615
976 1614
976 1604
975 1603
975 1600
974 1599
974 1595
973 1594
973 1591
972 1590
972 1585
971 1584
971 1583
970 1582
970 1581
969 1580
969 1578
968 1577
968 1575
967 1574
967 1570
966 1569
966 1568
965 1567
965 1565
964 1564
964 1562
963 1561
963 1560
962 1559
962 1557
960 1555
960 1552
959 1551
959 1550
958 1549
958 1548
956 1546
956 1545
955 1544
955 1542
954 1541
954 1540
953 1539
953 1538
951 1536
951 1533
948 1530
948 1529
947 1528
947 1527
946 1526
946 1525
944 1523
944 1522
941 1519
941 1518
939 1516
939 1515
937 1513
937 1512
936 1512
934 1510
934 1508
930 1504
930 1503
932 1501
931 1500
932 1499
932 1497
931 1497
930 1496
930 1495
931 1494
932 1495
934 1493
933 1493
932 1492
932 1490
933 1489
935 1491
935 1489
936 1488
937 1489
937 1490
939 1488
940 1488
939 1487
941 1485
942 1486
942 1488
942 1487
943 1486
944 1487
945 1487
946 1488
948 1486
950 1486
952 1488
952 1489
955 1492
956 1491
957 1491
958 1492
957 1493
958 1493
959 1494
960 1493
961 1494
962 1493
964 1495
965 1495
966 1496
967 1496
968 1497
969 1496
970 1496
971 1497
972 1497
973 1498
974 1497
975 1497
976 1498
978 1496
979 1497
980 1496
981 1496
982 1497
983 1497
984 1498
985 1497
986 1498
987 1498
988 1497
990 1497
990 1496
991 1495
992 1496
993 1496
994 1497
994 1498
995 1497
995 1495
996 1494
997 1495
997 1497
997 1496
998 1495
999 1496
999 1497
999 1496
1000 1495
1001 1496
1001 1497
1002 1497
1003 1498
1003 1497
1004 1496
1006 1498
1007 1497
1008 1497
1009 1496
1010 1496
1011 1495
1013 1495
1014 1494
1015 1494
1016 1493
1017 1494
1017 1493
1018 1492
1020 1492
1020 1491
1021 1490
1022 1490
1021 1489
1023 1487
1023 1486
1024 1485
1024 1484
1023 1483
1024 1482
1025 1482
1025 1481
1024 1480
1024 1479
1025 1478
1026 1479
1026 1477
1027 1476
1028 1476
1030 1474
1030 1473
1031 1472
1032 1473
1032 1475
1033 1474
1033 1472
1032 1471
1032 1468
1033 1467
1034 1468
1034 1467
1035 1466
1037 1466
1038 1465
1036 1463
1037 1462
1038 1462
1038 1461
1039 1460
1039 1458
1038 1457
1038 1455
1039 1454
1040 1455
1040 1453
1039 1452
1039 1451
1040 1450
1039 1449
1039 1447
1038 1446
1040 1444
1040 1443
1039 1444
1038 1443
1038 1442
1039 1441
1040 1441
1040 1440
1039 1439
1040 1438
1040 1436
1041 1435
1041 1434
1040 1433
1041 1432
1041 1430
1040 1429
1041 1428
1040 1427
1041 1426
1042 1426
1041 1425
1041 1424
1042 1423
1041 1422
1042 1421
1043 1421
1042 1420
1042 1419
1043 1418
1042 1418
1041 1417
1043 1415
1042 1414
1042 1413
1043 1412
1043 1411
1044 1410
1045 1411
1044 1410
1044 1407
1045 1406
1045 1404
1046 1403
1046 1402
1045 1401
1047 1399
1046 1398
1046 1397
1045 1396
1047 1394
1047 1393
1048 1392
1048 1391
1047 1390
1046 1390
1045 1389
1045 1388
1046 1387
1047 1388
1048 1387
1049 1387
1048 1386
1048 1385
1047 1384
1047 1382
1048 1381
1049 1381
1049 1379
1048 1378
1049 1377
1049 1370
1050 1369
1050 1367
1050 1368
1049 1369
1048 1368
1048 1366
1050 1364
1050 1363
1048 1361
1049 1360
1049 1359
1048 1358
1050 1356
1050 1355
1049 1354
1049 1351
1050 1350
1050 1347
1047 1344
1048 1343
1049 1343
1050 1344
1049 1343
1050 1342
1050 1339
1049 1338
1049 1335
1050 1334
1050 1333
1049 1333
1048 1332
1049 1331
1050 1331
1050 1328
1049 1327
1049 1326
1050 1325
1050 1324
1049 1323
1050 1322
1049 1321
1049 1320
1050 1319
1050 1318
1049 1317
1049 1315
1050 1314
1050 1313
1049 1312
1049 1311
1050 1310
1050 1303
1048 1303
1047 1302
1048 1301
1050 1301
1049 1300
1050 1299
1050 1297
1049 1298
1047 1296
1048 1295
1049 1295
1049 1293
1048 1292
1048 1291
1049 1290
1050 1291
1050 1290
1049 1289
1049 1288
1048 1287
1048 1286
1049 1285
1049 1283
1047 1281
1048 1280
1048 1279
1047 1278
1047 1277
1048 1276
1048 1271
1047 1270
1047 1268
1046 1267
1046 1266
1045 1265
1046 1264
1046 1260
1044 1260
1043 1259
1043 1257
1044 1256
1046 1258
1046 1257
1045 1256
1046 1255
1046 1253
1045 1252
1046 1251
1046 1250
1045 1249
1046 1248
1046 1246
1045 1246
1044 1245
1045 1244
1044 1243
1045 1242
1046 1242
1046 1241
1045 1242
1044 1241
1044 1240
1045 1239
1046 1239
1046 1238
1044 1236
1044 1235
1045 1234
1046 1235
1046 1234
1045 1234
1044 1233
1044 1232
1046 1230
1046 1229
1045 1228
1045 1227
1044 1226
1044 1224
1045 1223
1044 1222
1044 1221
1045 1220
1044 1220
1043 1219
1043 1218
1044 1217
1043 1216
1043 1215
1044 1214
1044 1213
1043 1212
1043 1205
1041 1203
1043 1201
1042 1200
1042 1198
1041 1197
1042 1196
1042 1195
1043 1194
1042 1193
1042 1189
1040 1189
1039 1188
1042 1185
1041 1184
1041 1183
1042 1182
1041 1181
1041 1180
1040 1179
1041 1178
1040 1177
1040 1175
1039 1174
1039 1173
1040 1172
1040 1171
1039 1171
1038 1170
1039 1169
1039 1167
1040 1166
1040 1165
1038 1163
1039 1162
1039 1161
1038 1160
1038 1159
1039 1158
1038 1157
1038 1152
1037 1151
1037 1150
1038 1149
1038 1148
1037 1147
1037 1144
1036 1143
1036 1142
1035 1141
1036 1140
1037 1140
1037 1139
1036 1138
1036 1137
1035 1136
1035 1135
1036 1134
1036 1130
1035 1130
1034 1129
1035 1128
1034 1128
1033 1127
1034 1126
1035 1126
1035 1123
1034 1122
1034 1120
1035 1119
1034 1118
1034 1116
1033 1115
1034 1114
1034 1110
1033 1109
1034 1108
1033 1108
1032 1107
1034 1105
1033 1105
1032 1104
1033 1103
1033 1100
1032 1099
1031 1099
1030 1098
1031 1097
1032 1097
1032 1096
1031 1095
1031 1094
1030 1093
1030 1088
1029 1088
1028 1087
1029 1086
1029 1085
1029 1086
1028 1087
1027 1086
1027 1084
1026 1084
1025 1083
1026 1082
1026 1079
1024 1077
1025 1076
1026 1076
1026 1075
1024 1073
1025 1072
1026 1072
1025 1071
1024 1071
1022 1069
1023 1068
1024 1068
1025 1069
1025 1068
1026 1067
1026 1066
1025 1065
1025 1060
1024 1059
1024 1056
1022 1054
1022 1051
1020 1049
1020 1047
1019 1047
1018 1046
1019 1045
1020 1045
1020 1044
1019 1043
1019 1042
1018 1041
1019 1040
1019 1039
1018 1038
1018 1033
1017 1032
1017 1030
1016 1029
1016 1028
1015 1027
1015 1025
1014 1025
1013 1024
1014 1023
1013 1022
1014 1021
1014 1020
1012 1018
1013 1017
1013 1016
1012 1015
1011 1016
1010 1015
1010 1013
1009 1012
1009 1008
1008 1007
1009 1006
1008 1006
1006 1004
1006 1002
1004 1000
1004 998
1003 998
1002 999
1001 998
1001 997
1003 995
1002 995
1001 994
1001 993
1000 992
1000 991
1001 990
999 988
999 986
998 986
997 985
997 983
998 982
997 982
996 981
995 982
993 980
994 979
995 979
994 979
993 978
994 977
993 977
992 976
991 976
990 975
990 974
991 973
992 974
991 973
991 972
989 970
990 969
989 970
988 969
988 968
989 967
988 966
987 967
986 966
986 965
987 964
986 964
985 965
984 964
984 963
983 962
984 961
984 959
982 957
983 956
983 955
982 955
981 954
981 952
980 952
979 951
981 949
980 950
979 949
978 949
977 948
977 947
978 946
977 946
976 947
975 946
975 945
976 944
978 944
978 943
976 941
976 940
975 939
974 940
972 938
972 937
971 936
971 935
970 935
969 934
971 932
970 932
969 931
969 930
968 929
967 929
966 928
966 927
966 928
965 929
964 928
964 925
962 923
963 922
963 921
962 921
962 922
961 923
960 923
959 922
960 921
960 920
959 920
958 919
959 918
957 918
956 917
956 916
954 916
953 915
954 914
953 913
953 912
952 912
950 910
949 910
947 908
947 907
946 906
946 905
946 906
945 907
944 906
944 905
942 905
941 904
941 903
940 904
939 903
939 902
938 902
937 901
937 900
936 901
933 898
934 897
933 897
932 898
931 897
931 896
930 895
931 894
930 895
929 894
928 894
927 893
924 893
923 892
924 891
925 891
924 890
923 891
921 889
921 888
920 888
919 887
918 888
917 887
917 885
915 885
914 884
914 883
913 883
911 881
909 881
908 880
907 880
906 879
907 878
906 879
905 878
905 877
904 878
903 877
903 875
902 875
901 874
897 874
896 873
896 872
896 873
895 874
894 873
894 872
893 872
892 871
893 870
893 869
892 869
891 870
889 870
888 869
888 868
887 867
885 867
884 868
882 868
881 869
880 868
880 867
881 866
882 866
880 866
877 863
876 864
875 863
874 863
873 864
871 862
872 861
870 863
869 862
869 861
868 861
867 860
868 861
867 862
866 862
864 860
865 859
864 859
863 858
864 857
863 858
863 859
862 860
860 858
861 857
860 857
859 856
858 857
857 857
856 856
855 857
854 856
852 858
851 857
851 856
850 855
849 855
848 856
846 856
845 857
844 856
844 855
845 854
844 855
844 857
843 858
840 855
841 854
840 854
838 852
837 852
836 853
835 853
834 852
833 853
830 850
833 853
832 854
831 854
829 852
830 853
830 854
831 855
830 856
829 856
826 853
827 852
826 852
825 851
826 852
826 853
825 854
824 854
823 853
822 853
822 854
821 855
819 853
817 853
816 852
817 851
818 851
819 850
818 851
817 850
817 849
818 848
817 849
816 848
815 849
814 849
813 850
812 849
811 849
810 850
808 850
807 851
805 849
806 848
806 847
806 848
805 849
804 849
804 850
803 851
802 850
802 848
803 847
803 846
803 847
802 848
801 848
800 847
801 846
801 845
800 846
799 845
799 844
799 845
798 846
797 846
796 845
794 845
793 844
793 843
792 842
793 841
791 843
790 842
789 842
788 841
788 842
787 843
785 841
785 842
786 843
785 844
785 845
784 846
783 845
783 843
782 843
782 844
781 845
780 844
780 843
779 842
777 842
776 843
775 843
774 842
775 841
774 842
770 838
769 838
770 838
773 841
773 842
772 843
771 843
770 842
768 842
767 841
764 841
763 840
762 840
761 839
762 838
760 840
758 840
757 839
756 840
755 839
755 838
756 837
755 837
753 839
752 839
751 840
749 838
748 838
747 839
744 839
743 838
742 838
741 837
742 838
741 839
735 839
734 838
734 837
735 836
733 838
732 838
731 837
731 836
730 836

