545 946
544 947
539 947
538 948
536 948
535 949
530 949
529 950
528 950
527 951
526 951
524 953
522 953
521 954
520 954
519 955
518 955
517 956
516 956
514 958
513 958
511 960
510 960
507 963
506 963
505 964
504 964
500 968
500 969
498 971
498 974
497 975
497 981
495 983
494 983
492 985
491 985
482 994
482 995
480 997
480 998
479 999
479 1000
477 1002
477 1004
476 1005
476 1007
475 1008
475 1012
474 1013
474 1019
475 1020
475 1024
476 1025
476 1027
477 1028
477 1029
478 1030
478 1031
479 1032
479 1033
481 1035
481 1036
486 1041
487 1041
489 1043
490 1043
492 1045
493 1045
495 1047
496 1047
497 1048
498 1048
499 1049
499 1050
500 1051
500 1052
501 1053
501 1055
502 1056
502 1058
498 1062
497 1062
494 1065
487 1065
486 1066
485 1066
484 1067
484 1068
480 1072
479 1072
473 1078
472 1078
468 1082
462 1082
461 1083
459 1083
458 1084
456 1084
455 1085
453 1085
452 1086
450 1086
448 1088
447 1088
443 1092
442 1092
440 1094
440 1095
436 1099
436 1100
432 1104
432 1105
428 1109
428 1110
424 1114
424 1115
420 1119
420 1120
416 1124
416 1125
412 1129
412 1130
409 1133
409 1134
407 1136
407 1137
406 1138
406 1145
407 1146
407 1150
408 1151
408 1155
409 1156
409 1158
410 1159
410 1166
409 1167
409 1186
407 1188
407 1189
406 1190
405 1190
404 1191
404 1192
403 1193
403 1194
402 1195
402 1196
401 1197
401 1199
400 1200
400 1201
399 1202
399 1203
398 1204
398 1206
397 1207
397 1216
396 1217
396 1223
397 1222
397 1221
399 1219
400 1219
402 1221
395 1228
395 1230
390 1235
390 1236
385 1241
385 1242
383 1244
383 1245
382 1246
382 1249
378 1253
378 1254
377 1255
377 1256
376 1257
376 1258
375 1259
375 1260
367 1268
367 1270
372 1270
374 1268
375 1268
376 1269
376 1270
373 1273
373 1275
372 1276
372 1278
371 1279
371 1291
372 1292
372 1299
373 1300
373 1303
374 1304
374 1306
375 1307
375 1309
376 1310
376 1311
377 1312
377 1313
379 1315
379 1316
380 1317
380 1318
381 1319
381 1322
380 1323
380 1325
379 1326
379 1327
378 1328
378 1330
377 1331
377 1333
376 1334
376 1335
375 1336
375 1338
374 1339
374 1341
373 1342
373 1344
372 1345
372 1347
371 1348
371 1350
370 1351
370 1353
369 1354
369 1356
368 1357
368 1361
367 1362
367 1369
368 1370
369 1370
370 1371
371 1371
373 1373
374 1373
375 1374
377 1374
377 1368
378 1367
378 1360
379 1359
379 1355
380 1354
380 1350
381 1349
381 1345
382 1344
382 1340
383 1339
383 1335
384 1334
384 1332
385 1331
385 1329
386 1328
386 1326
387 1325
388 1325
389 1326
389 1328
388 1329
388 1334
387 1335
387 1342
386 1343
386 1347
385 1348
385 1353
384 1354
384 1362
388 1366
388 1371
387 1372
387 1380
388 1381
388 1384
389 1385
389 1387
390 1388
390 1389
391 1390
391 1391
392 1392
392 1393
393 1394
393 1395
394 1396
394 1397
395 1398
395 1399
396 1400
396 1401
397 1402
397 1403
398 1404
398 1409
399 1410
399 1421
400 1422
400 1423
401 1424
401 1425
404 1428
405 1428
406 1429
407 1429
408 1430
408 1431
401 1438
400 1438
393 1445
392 1445
371 1466
371 1467
369 1469
369 1470
368 1471
368 1472
367 1473
367 1474
366 1475
366 1476
365 1477
365 1478
364 1479
364 1480
363 1481
363 1482
362 1483
362 1485
361 1486
361 1488
360 1489
360 1490
359 1491
359 1493
358 1494
358 1496
356 1498
356 1499
355 1500
355 1501
354 1502
354 1503
353 1504
353 1505
352 1506
352 1507
351 1508
351 1509
350 1510
350 1511
349 1512
349 1513
348 1514
348 1516
347 1517
347 1518
346 1519
346 1521
345 1522
345 1523
344 1524
344 1526
343 1527
343 1528
342 1529
342 1531
341 1532
341 1533
340 1534
340 1536
338 1538
338 1539
336 1541
336 1542
335 1543
334 1543
333 1544
332 1544
330 1546
329 1546
327 1548
327 1549
326 1550
326 1551
325 1552
325 1553
324 1554
324 1555
323 1556
323 1557
322 1558
322 1559
321 1560
320 1560
317 1563
316 1563
313 1566
312 1566
309 1569
308 1569
306 1571
305 1571
304 1572
303 1572
302 1573
301 1573
301 1574
299 1576
299 1577
298 1578
298 1579
296 1581
296 1582
295 1583
295 1584
294 1585
294 1587
293 1588
293 1589
292 1590
292 1591
291 1592
291 1593
290 1594
290 1595
289 1596
289 1598
288 1599
288 1600
287 1601
287 1602
286 1603
286 1605
285 1606
285 1607
284 1608
284 1609
283 1610
283 1612
282 1613
282 1614
281 1615
281 1616
280 1617
280 1621
281 1622
281 1623
282 1624
282 1625
284 1627
284 1628
285 1629
285 1630
286 1631
286 1632
287 1633
287 1634
289 1636
289 1637
290 1638
290 1639
291 1640
291 1641
293 1643
293 1644
294 1645
294 1646
295 1647
295 1648
297 1650
297 1651
298 1652
298 1653
299 1654
299 1655
301 1657
301 1659
302 1660
302 1661
303 1662
303 1663
304 1664
304 1665
305 1666
305 1667
306 1668
306 1670
307 1671
307 1672
308 1673
308 1674
309 1675
309 1676
310 1677
310 1678
311 1679
311 1681
312 1682
312 1683
313 1684
313 1685
314 1686
314 1687
315 1688
315 1689
316 1690
316 1691
317 1692
317 1694
318 1695
318 1696
319 1697
319 1698
320 1699
320 1700
321 1701
321 1702
322 1703
322 1705
323 1706
323 1707
324 1708
324 1709
325 1710
325 1711
326 1712
326 1713
327 1714
327 1716
328 1717
328 1718
329 1719
329 1720
330 1721
330 1722
331 1723
331 1724
332 1725
333 1725
334 1726
336 1726
337 1727
339 1727
340 1728
341 1728
342 1729
344 1729
345 1730
347 1730
348 1731
349 1731
350 1732
352 1732
353 1733
354 1733
355 1734
357 1734
358 1735
360 1735
361 1736
362 1736
363 1737
365 1737
366 1738
368 1738
369 1739
370 1739
371 1740
373 1740
374 1741
376 1741
377 1742
378 1742
379 1743
381 1743
382 1744
384 1744
385 1745
386 1745
387 1746
389 1746
390 1747
392 1747
393 1748
394 1748
395 1749
397 1749
398 1750
400 1750
401 1751
421 1751
422 1752
442 1752
443 1753
462 1753
463 1754
483 1754
484 1755
504 1755
505 1756
524 1756
525 1757
598 1757
599 1756
653 1756
654 1755
689 1755
690 1754
725 1754
726 1753
760 1753
761 1752
766 1752
767 1751
770 1751
771 1750
774 1750
775 1749
778 1749
779 1748
782 1748
783 1747
787 1747
788 1746
791 1746
792 1745
795 1745
796 1744
800 1744
801 1743
804 1743
805 1742
808 1742
809 1741
813 1741
814 1740
817 1740
818 1739
821 1739
822 1738
826 1738
827 1737
831 1737
832 1736
835 1736
836 1735
840 1735
841 1734
844 1734
845 1733
849 1733
850 1732
854 1732
855 1731
858 1731
859 1730
863 1730
864 1729
868 1729
869 1728
873 1728
874 1727
879 1727
880 1726
884 1726
885 1725
892 1725
893 1724
896 1724
897 1725
898 1724
898 1718
897 1717
897 1714
896 1713
896 1711
895 1710
895 1708
894 1707
894 1706
893 1705
893 1703
892 1702
892 1700
891 1699
891 1698
890 1697
890 1695
889 1694
889 1693
888 1692
888 1690
887 1689
887 1688
886 1687
886 1686
885 1685
884 1685
883 1684
882 1684
880 1682
879 1682
878 1681
877 1681
875 1679
874 1679
873 1678
872 1678
870 1676
869 1676
868 1675
867 1675
861 1669
856 1669
855 1668
851 1668
850 1667
848 1667
847 1666
846 1666
845 1665
844 1665
841 1662
841 1661
840 1660
839 1660
835 1656
834 1656
831 1653
830 1653
829 1652
828 1652
826 1650
825 1650
823 1648
822 1648
821 1647
819 1647
814 1642
814 1641
812 1639
812 1638
810 1636
810 1635
809 1634
809 1633
808 1632
808 1631
807 1630
807 1628
806 1627
806 1626
805 1625
805 1624
804 1623
804 1622
803 1621
803 1620
802 1619
802 1618
801 1617
801 1616
799 1614
799 1613
798 1612
798 1611
795 1608
795 1607
793 1605
793 1604
789 1600
789 1598
788 1597
788 1595
787 1594
787 1593
786 1592
786 1591
784 1589
784 1588
782 1586
782 1585
781 1584
781 1583
779 1581
779 1580
774 1575
774 1573
777 1570
779 1570
780 1571
781 1571
782 1572
783 1572
784 1573
787 1573
788 1574
794 1574
795 1575
801 1575
802 1574
808 1574
809 1573
811 1573
812 1572
814 1572
821 1565
821 1564
822 1563
822 1560
823 1559
823 1553
822 1552
822 1547
821 1546
821 1545
820 1544
820 1542
819 1541
819 1539
813 1533
812 1533
810 1531
809 1531
808 1530
806 1530
805 1529
804 1529
803 1528
802 1528
801 1527
800 1527
799 1526
799 1525
795 1521
794 1521
791 1518
790 1518
789 1517
790 1516
792 1516
793 1515
793 1514
794 1513
794 1505
793 1504
793 1503
792 1502
791 1502
789 1500
787 1500
786 1499
784 1499
783 1498
783 1497
784 1496
786 1496
787 1495
788 1495
789 1494
790 1494
791 1493
792 1493
793 1492
794 1492
795 1491
796 1491
797 1490
803 1490
804 1489
804 1485
803 1484
803 1482
802 1481
802 1479
801 1478
801 1476
800 1475
800 1471
799 1470
799 1466
798 1465
798 1463
797 1462
797 1461
796 1460
796 1458
795 1457
795 1456
794 1455
794 1454
793 1453
793 1451
792 1450
792 1449
791 1448
791 1447
790 1446
790 1445
788 1443
788 1442
787 1441
787 1440
786 1439
786 1438
785 1437
785 1436
784 1435
784 1434
783 1433
783 1432
782 1431
782 1430
781 1429
781 1428
779 1426
779 1413
778 1412
778 1394
777 1393
777 1372
776 1371
776 1365
775 1364
775 1359
776 1358
776 1354
777 1353
777 1351
776 1350
776 1348
775 1347
775 1334
776 1333
776 1332
775 1331
775 1326
774 1325
774 1319
773 1318
773 1316
772 1315
772 1314
771 1313
771 1312
770 1311
770 1310
768 1308
768 1307
763 1302
762 1302
760 1300
759 1300
758 1299
757 1299
756 1298
755 1298
754 1297
751 1297
750 1296
744 1296
743 1295
730 1295
729 1296
721 1296
720 1297
716 1297
715 1298
712 1298
711 1299
708 1299
707 1300
704 1300
703 1301
700 1301
699 1302
696 1302
695 1303
693 1303
692 1304
689 1304
688 1305
686 1305
685 1306
682 1306
681 1307
679 1307
678 1308
676 1308
675 1309
671 1309
670 1310
663 1310
662 1309
662 1308
660 1306
660 1304
663 1301
663 1300
665 1298
665 1297
666 1296
666 1292
667 1291
667 1290
668 1289
668 1288
669 1287
669 1284
670 1283
670 1279
671 1278
671 1274
670 1273
670 1268
669 1267
669 1264
668 1263
668 1260
667 1259
667 1257
666 1256
666 1254
664 1252
664 1251
662 1249
662 1242
663 1241
662 1240
662 1234
661 1233
661 1229
660 1228
660 1225
659 1224
659 1221
658 1220
658 1217
657 1216
657 1213
656 1212
656 1209
655 1208
655 1203
654 1202
654 1194
653 1193
653 1188
652 1187
652 1182
651 1181
651 1177
650 1176
650 1172
649 1171
649 1168
648 1167
648 1163
647 1162
647 1159
646 1158
646 1155
645 1154
645 1151
644 1150
644 1148
643 1147
643 1145
642 1144
642 1142
641 1141
641 1140
640 1139
640 1138
639 1137
639 1136
637 1134
637 1133
636 1132
636 1131
634 1129
634 1128
632 1126
632 1125
629 1122
628 1122
626 1120
625 1120
624 1119
623 1119
622 1118
621 1118
620 1117
619 1117
607 1105
606 1105
602 1101
601 1101
600 1100
598 1100
597 1099
596 1099
595 1098
592 1098
591 1097
591 1096
590 1095
589 1095
585 1091
585 1090
584 1089
584 1088
583 1087
583 1086
582 1085
582 1081
581 1080
581 1076
580 1075
580 1073
579 1072
579 1070
578 1069
578 1066
577 1065
577 1061
576 1060
577 1059
577 1055
578 1054
578 1053
579 1052
579 1049
580 1048
580 1044
581 1043
583 1043
584 1042
586 1042
587 1041
589 1041
590 1040
591 1040
592 1039
593 1039
594 1038
595 1038
596 1037
597 1037
599 1035
600 1035
601 1034
602 1034
605 1031
606 1031
610 1027
611 1027
616 1022
616 1021
618 1019
618 1018
619 1017
619 1016
620 1015
620 1014
621 1013
621 1009
622 1008
622 995
621 994
621 991
620 990
620 989
619 988
619 986
618 985
618 984
617 983
617 982
612 977
612 976
609 973
608 973
606 971
604 971
603 970
589 970
588 969
588 967
587 966
587 965
586 964
586 963
585 962
585 961
584 960
584 959
583 958
583 957
582 956
582 955
578 951
577 951
576 950
575 950
574 949
573 949
572 948
569 948
568 947
563 947
562 946
548 946
547 947
546 946

