547 931
546 932
532 932
527 937
524 937
523 938
521 938
520 939
518 939
517 940
516 940
514 942
513 942
512 943
511 943
508 946
508 947
507 948
507 957
508 958
508 961
509 962
509 963
510 963
511 964
512 964
513 965
513 967
514 968
514 970
515 971
515 976
516 977
516 978
515 979
515 985
516 986
517 986
518 987
519 987
520 988
521 988
525 992
525 1004
526 1005
526 1008
525 1009
524 1009
523 1010
523 1011
520 1014
519 1014
518 1015
516 1015
515 1016
511 1016
510 1017
507 1017
506 1018
501 1018
500 1019
499 1019
498 1020
496 1020
494 1022
493 1022
488 1027
488 1028
487 1029
487 1031
486 1032
486 1034
485 1035
485 1037
484 1038
484 1041
483 1042
483 1047
482 1048
482 1069
481 1070
481 1074
480 1075
480 1077
479 1078
479 1080
478 1081
478 1084
477 1085
477 1089
476 1090
476 1095
475 1096
475 1099
474 1100
474 1101
473 1102
473 1103
472 1104
472 1106
471 1107
471 1108
470 1109
470 1110
469 1111
469 1112
467 1114
467 1115
466 1116
466 1117
464 1119
464 1120
463 1121
463 1122
462 1123
462 1124
460 1126
460 1128
459 1129
459 1130
458 1131
458 1132
457 1133
457 1134
456 1135
456 1136
455 1137
455 1139
454 1140
454 1141
452 1143
452 1145
450 1147
450 1148
448 1150
448 1151
447 1152
447 1153
444 1156
444 1157
442 1159
442 1160
440 1162
440 1163
437 1166
437 1167
436 1168
436 1169
435 1170
435 1173
433 1175
433 1176
431 1178
431 1179
428 1182
428 1183
424 1187
424 1188
421 1191
421 1192
420 1193
419 1193
419 1194
418 1195
418 1196
417 1197
417 1207
416 1208
416 1211
417 1212
417 1213
418 1214
418 1215
419 1216
419 1217
421 1219
421 1220
423 1222
425 1222
426 1221
427 1221
428 1222
430 1222
431 1221
433 1221
434 1220
434 1218
433 1217
433 1216
434 1215
435 1215
435 1213
434 1212
433 1212
431 1210
430 1210
429 1209
429 1208
431 1206
431 1204
432 1203
432 1201
441 1192
441 1191
442 1190
442 1189
443 1188
443 1185
444 1184
444 1183
449 1178
449 1177
451 1175
451 1173
455 1169
455 1168
458 1165
459 1165
459 1164
460 1163
461 1163
461 1162
471 1152
471 1151
477 1145
477 1144
480 1141
480 1140
483 1137
483 1136
485 1134
485 1133
487 1131
487 1130
489 1128
489 1127
491 1125
491 1124
492 1123
492 1122
493 1121
493 1120
494 1119
494 1118
495 1117
495 1112
496 1111
496 1107
497 1106
499 1108
498 1109
498 1110
499 1111
499 1118
500 1119
500 1140
499 1141
499 1151
498 1152
498 1158
497 1159
497 1165
496 1166
496 1167
497 1168
497 1170
498 1171
498 1172
499 1173
499 1174
500 1175
500 1234
501 1235
501 1243
502 1244
502 1250
503 1251
503 1255
504 1256
504 1261
505 1262
505 1265
506 1266
506 1270
507 1271
507 1274
508 1275
508 1278
511 1281
511 1282
510 1283
510 1292
509 1293
509 1301
508 1302
508 1303
509 1304
509 1309
510 1310
510 1312
511 1313
511 1315
512 1316
512 1318
513 1319
513 1321
514 1322
514 1324
515 1325
515 1327
516 1328
516 1330
517 1331
517 1333
518 1334
518 1336
519 1337
519 1339
520 1340
520 1343
521 1344
521 1347
522 1348
522 1355
523 1356
523 1361
524 1362
524 1394
525 1395
525 1401
526 1402
526 1409
525 1410
525 1411
526 1412
526 1433
525 1434
525 1441
524 1442
524 1446
523 1447
522 1447
521 1448
521 1457
520 1458
520 1461
519 1462
519 1465
518 1466
518 1469
517 1470
517 1476
516 1477
516 1478
515 1479
515 1481
514 1482
514 1487
513 1488
513 1491
512 1492
512 1494
511 1495
511 1497
510 1498
510 1499
509 1500
509 1501
507 1503
507 1504
506 1505
506 1506
505 1507
505 1508
503 1510
503 1511
501 1513
501 1514
499 1516
499 1517
497 1519
497 1520
495 1522
495 1523
493 1525
493 1526
491 1528
491 1529
489 1531
489 1532
488 1533
488 1534
486 1536
486 1537
485 1538
485 1539
483 1541
483 1542
482 1543
482 1544
481 1545
481 1546
479 1548
479 1549
478 1550
478 1551
477 1552
477 1553
476 1554
476 1555
475 1556
475 1557
474 1558
474 1559
473 1560
473 1561
472 1562
472 1563
471 1564
471 1565
470 1566
470 1567
469 1568
469 1570
468 1571
468 1572
467 1573
467 1574
466 1575
466 1577
465 1578
465 1579
464 1580
464 1582
463 1583
463 1584
462 1585
462 1587
461 1588
461 1589
460 1590
460 1592
459 1593
459 1595
458 1596
458 1597
457 1598
457 1600
456 1601
456 1603
455 1604
455 1606
454 1607
454 1609
453 1610
453 1612
452 1613
452 1615
451 1616
451 1618
450 1619
450 1622
449 1623
449 1625
448 1626
448 1628
447 1629
447 1631
446 1632
446 1635
445 1636
445 1638
444 1639
444 1641
443 1642
443 1644
442 1645
442 1647
441 1648
441 1650
440 1651
440 1653
439 1654
439 1656
438 1657
438 1659
437 1660
437 1662
436 1663
436 1665
435 1666
435 1668
434 1669
434 1671
433 1672
433 1673
432 1674
432 1676
431 1677
431 1679
430 1680
430 1681
429 1682
429 1684
428 1685
428 1687
427 1688
427 1689
426 1690
426 1692
425 1693
425 1694
424 1695
424 1697
423 1698
423 1699
422 1700
422 1702
421 1703
421 1704
420 1705
420 1706
419 1707
419 1709
418 1710
418 1711
417 1712
417 1714
416 1715
416 1716
415 1717
415 1718
414 1719
414 1720
413 1721
413 1723
412 1724
412 1725
411 1726
411 1727
410 1728
410 1729
409 1730
409 1731
408 1732
408 1733
407 1734
407 1736
406 1737
406 1738
405 1739
405 1740
404 1741
404 1742
403 1743
403 1744
402 1745
402 1746
401 1747
401 1748
400 1749
400 1750
399 1751
399 1752
398 1753
398 1754
397 1755
397 1756
396 1757
396 1758
395 1759
395 1760
394 1761
394 1762
393 1763
393 1764
392 1765
392 1766
391 1767
391 1768
390 1769
390 1770
389 1771
389 1772
388 1773
388 1774
387 1775
387 1776
386 1777
386 1778
385 1779
385 1780
384 1781
384 1782
383 1783
383 1784
382 1785
382 1786
381 1787
381 1788
380 1789
380 1790
379 1791
379 1792
378 1793
378 1794
377 1795
377 1798
378 1799
380 1799
381 1800
382 1800
387 1805
388 1805
389 1806
390 1806
391 1807
393 1807
394 1808
397 1808
398 1809
400 1809
401 1810
402 1810
404 1812
405 1812
406 1813
406 1814
408 1816
408 1817
409 1818
409 1819
410 1820
410 1822
411 1823
411 1825
412 1826
412 1828
414 1830
414 1831
415 1832
415 1833
416 1834
416 1837
417 1838
417 1840
419 1842
419 1843
422 1846
424 1846
425 1847
427 1847
428 1846
429 1846
429 1845
430 1844
430 1842
431 1841
431 1839
433 1837
433 1836
434 1835
434 1834
435 1833
435 1832
437 1830
437 1829
438 1828
438 1827
439 1826
439 1825
441 1823
441 1822
442 1821
442 1820
444 1818
444 1817
445 1816
445 1815
446 1814
446 1813
447 1812
447 1811
448 1810
448 1809
449 1808
449 1807
451 1805
451 1804
452 1803
452 1802
453 1801
453 1800
454 1799
454 1798
455 1797
455 1796
456 1795
456 1794
457 1793
457 1792
458 1791
458 1790
459 1789
459 1788
460 1787
460 1786
461 1785
461 1784
462 1783
462 1782
463 1781
463 1780
464 1779
464 1778
465 1777
465 1776
466 1775
466 1774
467 1773
467 1772
468 1771
468 1769
469 1768
469 1767
470 1766
470 1765
471 1764
471 1763
472 1762
472 1761
473 1760
473 1759
474 1758
474 1756
475 1755
475 1754
476 1753
476 1752
477 1751
477 1750
478 1749
478 1747
479 1746
479 1745
480 1744
480 1743
481 1742
481 1740
482 1739
482 1738
483 1737
483 1736
484 1735
484 1733
485 1732
485 1731
486 1730
486 1728
487 1727
487 1726
488 1725
488 1723
489 1722
489 1721
490 1720
490 1718
491 1717
491 1715
492 1714
492 1713
493 1712
493 1710
494 1709
494 1707
495 1706
495 1705
496 1704
496 1702
497 1701
497 1699
498 1698
498 1696
499 1695
499 1693
500 1692
500 1690
501 1689
501 1687
502 1686
502 1684
503 1683
503 1682
504 1681
504 1679
505 1678
505 1676
506 1675
506 1673
507 1672
507 1670
508 1669
508 1667
509 1666
509 1663
510 1662
510 1660
511 1659
511 1657
512 1656
512 1653
513 1652
513 1650
514 1649
514 1647
515 1646
515 1643
516 1642
516 1639
517 1638
517 1635
518 1634
518 1632
519 1631
519 1628
520 1627
520 1623
521 1622
521 1619
522 1618
522 1615
523 1614
523 1611
524 1610
524 1606
525 1605
525 1602
526 1601
526 1597
527 1596
527 1591
528 1590
528 1587
529 1586
529 1582
530 1581
530 1577
531 1576
531 1571
532 1570
532 1565
533 1564
533 1560
534 1559
534 1554
535 1553
535 1549
536 1548
536 1544
537 1543
537 1540
538 1539
538 1536
539 1535
539 1532
540 1531
540 1528
541 1527
541 1524
542 1523
542 1520
543 1519
543 1516
544 1515
544 1513
545 1512
545 1510
546 1509
546 1507
547 1506
547 1504
548 1503
548 1502
549 1501
549 1499
550 1498
550 1496
551 1495
551 1494
552 1493
552 1492
553 1491
553 1490
554 1489
554 1488
555 1487
555 1486
556 1485
556 1483
557 1482
557 1480
558 1479
558 1473
557 1472
557 1470
556 1469
556 1468
552 1464
552 1463
550 1461
550 1460
549 1459
549 1457
548 1456
548 1442
547 1441
547 1436
548 1435
548 1429
549 1428
549 1425
550 1424
550 1421
551 1420
551 1417
552 1416
552 1413
553 1412
553 1408
554 1407
554 1403
555 1402
555 1398
556 1397
556 1395
557 1394
557 1393
558 1392
561 1395
561 1396
562 1397
562 1398
564 1400
564 1401
565 1402
565 1403
566 1404
566 1405
567 1406
567 1407
568 1408
568 1409
570 1411
570 1412
571 1413
571 1414
572 1415
572 1416
573 1417
573 1418
574 1419
574 1422
575 1423
575 1424
576 1425
576 1426
577 1427
577 1428
578 1429
578 1431
579 1432
579 1433
580 1434
580 1437
581 1438
581 1441
582 1442
582 1444
583 1445
583 1450
584 1451
584 1454
583 1455
583 1456
584 1457
584 1463
585 1464
585 1467
586 1468
586 1472
587 1473
587 1501
586 1502
586 1532
587 1533
587 1543
588 1544
588 1551
589 1552
589 1559
590 1560
590 1565
591 1566
591 1569
592 1570
592 1574
593 1575
593 1578
594 1579
594 1584
595 1585
595 1590
596 1591
596 1595
597 1596
597 1600
598 1601
598 1605
599 1606
599 1610
600 1611
600 1616
601 1617
601 1623
602 1624
602 1631
603 1632
603 1642
604 1643
604 1666
605 1667
605 1687
604 1688
604 1714
603 1715
603 1729
602 1730
602 1747
603 1748
603 1749
605 1751
606 1751
607 1752
608 1752
609 1753
617 1753
618 1754
619 1754
625 1760
625 1761
626 1762
626 1763
627 1764
627 1765
628 1766
628 1767
630 1769
630 1770
631 1771
631 1772
632 1773
632 1774
636 1778
637 1778
638 1779
639 1779
640 1778
641 1778
641 1777
642 1776
642 1760
643 1759
643 1753
644 1752
644 1745
645 1744
645 1735
646 1734
646 1725
647 1724
647 1711
648 1710
648 1694
649 1693
649 1662
650 1661
650 1657
649 1656
649 1636
648 1635
648 1624
647 1623
647 1615
646 1614
646 1608
645 1607
645 1600
644 1599
644 1594
643 1593
643 1588
642 1587
642 1583
641 1582
641 1577
640 1576
640 1572
639 1571
639 1567
638 1566
638 1562
637 1561
637 1557
636 1556
636 1553
635 1552
635 1548
634 1547
634 1544
633 1543
633 1540
632 1539
632 1537
631 1536
631 1533
630 1532
630 1529
629 1528
629 1526
628 1525
628 1522
627 1521
627 1519
626 1518
626 1516
625 1515
625 1513
624 1512
624 1509
623 1508
623 1506
622 1505
622 1503
621 1502
621 1500
620 1499
620 1496
619 1495
619 1491
618 1490
618 1483
617 1482
617 1477
616 1476
616 1469
615 1468
615 1454
616 1453
616 1449
617 1448
617 1444
618 1443
618 1432
613 1427
611 1427
610 1426
608 1426
607 1425
603 1425
602 1424
601 1424
598 1421
598 1420
597 1419
597 1418
596 1417
596 1416
595 1415
595 1413
594 1412
594 1410
593 1409
593 1408
592 1407
592 1406
591 1405
591 1403
590 1402
590 1400
589 1399
589 1397
588 1396
588 1394
587 1393
587 1390
586 1389
586 1387
585 1386
585 1384
584 1383
584 1381
583 1380
583 1378
582 1377
582 1370
581 1369
581 1365
580 1364
580 1362
579 1361
579 1359
578 1358
578 1357
577 1356
577 1354
576 1353
576 1352
575 1351
575 1350
573 1348
573 1347
571 1345
571 1344
570 1343
570 1342
567 1339
567 1338
565 1336
565 1335
563 1333
563 1332
562 1331
562 1330
561 1329
561 1328
560 1327
560 1303
559 1302
559 1298
558 1297
558 1294
557 1293
557 1291
556 1290
556 1287
557 1286
557 1282
558 1281
558 1280
559 1279
559 1278
560 1277
560 1276
562 1274
562 1273
564 1271
564 1270
567 1267
567 1266
569 1264
569 1263
571 1261
571 1260
572 1259
572 1258
573 1257
573 1255
574 1254
574 1253
575 1252
575 1251
576 1250
576 1248
577 1247
577 1245
578 1244
578 1242
579 1241
579 1240
580 1239
580 1238
582 1236
582 1235
583 1234
583 1233
585 1231
585 1230
587 1228
587 1227
590 1224
590 1223
593 1220
593 1219
594 1218
594 1217
595 1216
595 1215
596 1214
596 1213
597 1212
597 1210
598 1209
598 1207
599 1206
599 1203
600 1202
600 1196
601 1195
601 1184
600 1183
600 1177
599 1176
599 1172
598 1171
598 1169
597 1168
597 1166
596 1165
596 1164
595 1163
595 1158
594 1157
594 1156
593 1155
593 1153
592 1152
592 1151
591 1150
591 1149
589 1147
589 1145
587 1143
587 1142
585 1140
585 1137
583 1135
582 1135
581 1134
581 1133
577 1129
577 1128
575 1126
575 1122
572 1119
572 1116
573 1115
571 1113
571 1104
572 1103
572 1102
573 1101
573 1098
575 1096
575 1094
577 1092
577 1091
578 1090
578 1089
580 1087
580 1086
581 1085
581 1083
583 1081
583 1080
585 1078
585 1077
586 1076
586 1075
589 1072
589 1071
590 1070
590 1068
591 1067
591 1064
592 1063
593 1063
594 1064
594 1065
596 1067
596 1068
597 1069
597 1070
599 1072
599 1073
600 1074
600 1075
601 1076
601 1077
602 1078
602 1079
603 1080
603 1081
604 1082
604 1083
605 1084
605 1086
606 1087
606 1089
607 1090
607 1092
608 1093
608 1094
609 1095
609 1097
610 1098
610 1099
611 1100
611 1102
612 1103
612 1104
613 1105
613 1106
614 1107
614 1109
615 1110
615 1112
616 1113
616 1114
617 1115
617 1116
618 1117
618 1119
619 1120
619 1123
620 1124
620 1125
621 1126
621 1128
622 1129
622 1131
623 1132
623 1134
624 1135
624 1136
625 1137
625 1139
626 1140
626 1142
627 1143
627 1145
628 1146
628 1147
632 1151
632 1152
633 1153
633 1154
634 1155
633 1156
633 1158
634 1159
634 1161
636 1163
636 1165
635 1166
635 1167
636 1168
636 1170
637 1171
637 1173
638 1174
638 1176
639 1177
639 1178
638 1179
638 1181
637 1182
637 1185
636 1186
636 1212
637 1213
637 1217
638 1218
640 1218
641 1217
641 1216
642 1215
642 1205
643 1204
643 1202
644 1201
645 1201
648 1204
648 1206
649 1207
649 1210
650 1211
650 1214
651 1215
651 1216
649 1218
649 1219
648 1220
647 1220
647 1221
644 1224
643 1224
640 1227
640 1232
641 1233
646 1233
650 1229
651 1229
653 1227
653 1226
656 1223
657 1223
660 1220
661 1220
661 1216
662 1215
662 1214
663 1213
663 1205
664 1204
664 1199
663 1198
663 1196
662 1195
662 1194
661 1193
661 1191
660 1190
660 1188
659 1187
659 1185
658 1184
658 1183
657 1182
657 1180
656 1179
656 1176
657 1175
657 1162
653 1158
653 1152
651 1150
651 1148
650 1147
650 1146
651 1145
651 1143
650 1142
650 1141
649 1140
649 1136
648 1135
648 1132
647 1131
647 1124
646 1123
646 1122
645 1121
645 1117
644 1116
644 1115
643 1114
643 1110
642 1109
642 1108
641 1107
641 1104
639 1102
639 1100
638 1099
638 1098
637 1097
637 1095
635 1093
635 1091
634 1090
634 1089
633 1088
633 1087
632 1086
632 1085
631 1084
631 1083
630 1082
630 1081
629 1080
629 1077
628 1076
628 1075
627 1074
627 1068
626 1067
626 1065
625 1064
625 1060
624 1059
624 1058
623 1057
623 1055
622 1054
622 1053
621 1052
621 1049
619 1047
619 1042
618 1041
618 1040
617 1039
617 1033
615 1031
615 1029
614 1028
614 1027
613 1026
613 1023
610 1020
610 1019
608 1017
608 1016
607 1015
607 1014
605 1012
605 1011
603 1009
603 1008
600 1005
600 1004
596 1000
595 1000
594 999
593 999
592 998
589 998
588 997
577 997
576 996
576 995
577 994
577 990
576 989
576 985
577 984
577 982
578 981
578 977
579 976
579 974
580 973
580 968
581 967
581 965
580 964
580 960
579 959
579 955
577 953
577 951
575 949
575 948
573 946
573 945
571 943
571 942
565 936
564 936
562 934
560 934
559 933
557 933
556 932
553 932
552 931

