433 940
431 942
420 942
419 943
416 943
415 944
414 944
413 945
413 946
415 944
416 945
416 946
415 947
415 948
414 949
413 948
413 949
414 950
413 951
412 951
411 952
409 952
408 953
407 953
406 954
405 954
401 958
401 959
400 960
400 961
398 963
398 964
396 966
396 967
395 968
395 969
394 970
394 971
393 972
393 973
392 974
392 982
391 983
392 982
393 983
393 984
392 985
392 992
391 993
391 995
392 996
391 997
394 1000
394 1001
392 1003
392 1004
394 1002
395 1003
395 1004
394 1005
394 1006
393 1007
392 1007
390 1009
387 1009
388 1010
389 1009
391 1009
392 1008
394 1008
395 1007
395 1006
396 1005
398 1005
400 1007
399 1008
399 1009
400 1008
401 1008
401 1006
402 1005
402 1004
404 1002
407 1005
407 1006
408 1007
408 1009
409 1010
409 1013
406 1016
403 1016
407 1016
410 1013
410 1010
409 1009
409 1008
410 1007
410 1006
411 1005
415 1009
415 1013
416 1014
416 1017
417 1018
417 1020
418 1021
423 1021
424 1022
424 1023
425 1024
425 1025
427 1027
429 1027
430 1028
430 1030
432 1032
433 1032
434 1033
434 1034
435 1035
435 1036
436 1037
436 1038
437 1039
444 1039
445 1038
446 1038
447 1037
448 1037
450 1035
451 1035
452 1034
453 1034
454 1035
455 1035
460 1040
459 1041
459 1042
458 1043
458 1046
448 1056
448 1058
444 1062
444 1064
442 1066
442 1067
441 1068
441 1070
440 1071
440 1072
439 1073
439 1074
438 1075
438 1079
437 1080
437 1083
436 1084
436 1088
433 1091
433 1092
432 1093
432 1094
429 1097
429 1098
426 1101
426 1102
418 1110
418 1111
416 1113
416 1114
408 1122
407 1122
405 1124
404 1124
403 1125
402 1125
401 1126
399 1126
398 1127
397 1127
395 1129
394 1129
393 1130
392 1130
389 1133
388 1133
372 1149
371 1149
369 1151
368 1151
367 1152
366 1152
365 1153
364 1153
362 1155
360 1155
359 1156
358 1156
356 1158
355 1158
352 1161
351 1161
349 1163
348 1163
347 1164
346 1164
345 1165
343 1165
339 1169
338 1169
336 1171
335 1171
334 1172
333 1172
332 1173
331 1173
330 1174
328 1174
327 1175
326 1175
325 1176
324 1176
323 1177
322 1177
321 1178
320 1178
319 1179
318 1179
317 1180
316 1180
315 1181
314 1181
314 1182
311 1185
310 1185
307 1188
306 1188
303 1191
303 1194
302 1195
302 1196
301 1197
301 1201
300 1202
300 1206
299 1207
299 1209
303 1213
303 1219
304 1220
307 1220
310 1223
312 1223
314 1221
314 1220
315 1219
318 1219
319 1220
320 1219
321 1219
321 1216
322 1215
322 1212
323 1211
323 1209
324 1208
324 1207
325 1206
325 1205
326 1204
326 1203
327 1202
327 1201
329 1199
330 1199
332 1197
333 1197
335 1195
337 1195
338 1194
339 1194
340 1193
341 1193
343 1191
344 1191
348 1187
348 1186
350 1184
350 1183
352 1181
353 1181
354 1180
357 1180
358 1179
362 1179
363 1178
367 1178
368 1177
372 1177
373 1176
374 1176
375 1175
376 1175
377 1174
379 1174
380 1173
382 1173
383 1172
385 1172
386 1171
387 1171
388 1170
389 1170
390 1169
392 1169
393 1168
394 1168
395 1167
396 1167
397 1166
398 1166
399 1165
400 1165
401 1164
402 1164
404 1162
405 1162
407 1160
408 1160
410 1158
411 1158
413 1156
414 1156
417 1153
418 1153
424 1147
425 1147
425 1146
431 1140
431 1139
432 1138
433 1138
437 1134
438 1134
441 1131
442 1131
444 1129
445 1129
449 1125
450 1125
453 1122
453 1121
457 1117
461 1117
463 1115
463 1114
465 1112
465 1111
473 1103
474 1103
475 1104
476 1104
482 1110
483 1110
491 1118
492 1118
498 1124
499 1124
503 1128
504 1128
509 1133
510 1133
514 1137
515 1137
519 1141
520 1141
524 1145
524 1146
523 1147
522 1147
521 1148
520 1148
519 1149
518 1149
517 1150
516 1150
515 1151
514 1151
513 1152
512 1152
511 1153
510 1153
506 1157
505 1157
503 1159
502 1159
500 1161
499 1161
496 1164
495 1164
488 1171
488 1172
476 1184
476 1185
474 1187
474 1188
472 1190
472 1191
471 1192
471 1193
468 1196
468 1197
465 1200
464 1200
462 1202
461 1202
457 1206
457 1207
455 1209
455 1210
452 1213
452 1214
451 1215
451 1224
452 1225
452 1227
453 1228
453 1231
454 1232
454 1234
455 1235
455 1236
456 1237
456 1238
457 1239
457 1240
458 1241
458 1242
459 1243
459 1244
462 1247
462 1248
463 1249
463 1252
464 1253
464 1254
465 1255
465 1256
466 1257
466 1258
468 1260
468 1261
470 1263
470 1264
471 1265
471 1270
472 1271
472 1274
473 1275
473 1277
474 1278
474 1280
475 1281
475 1283
476 1284
476 1286
477 1287
477 1289
478 1290
478 1292
479 1293
479 1295
480 1296
480 1297
481 1298
481 1300
482 1301
482 1302
483 1303
483 1304
484 1305
484 1306
485 1307
485 1308
486 1309
486 1310
487 1311
487 1312
488 1313
488 1314
489 1315
489 1316
491 1318
491 1319
492 1320
492 1321
493 1322
493 1323
494 1324
494 1326
495 1327
495 1328
496 1329
496 1331
497 1332
497 1333
498 1334
498 1336
499 1337
499 1339
500 1340
500 1342
501 1343
501 1345
502 1346
502 1348
503 1349
503 1351
504 1352
504 1354
505 1355
505 1359
506 1360
506 1362
507 1363
507 1380
506 1381
506 1384
505 1385
505 1387
504 1388
504 1390
503 1391
503 1392
500 1395
500 1396
494 1402
493 1402
492 1403
491 1403
490 1404
489 1404
486 1407
485 1407
483 1409
482 1409
479 1412
478 1412
477 1413
476 1413
475 1414
474 1414
473 1415
472 1415
470 1417
469 1417
467 1419
466 1419
465 1420
464 1420
463 1421
462 1421
461 1422
459 1422
457 1424
456 1424
452 1428
451 1428
450 1429
449 1429
446 1432
445 1432
444 1433
443 1433
442 1434
441 1434
440 1435
437 1435
436 1436
434 1436
433 1437
432 1437
431 1438
429 1438
428 1439
426 1439
425 1440
424 1440
423 1441
421 1441
420 1442
419 1442
417 1444
416 1444
415 1445
414 1445
413 1446
411 1446
410 1447
409 1447
408 1448
406 1448
405 1449
404 1449
403 1450
402 1450
401 1451
399 1451
398 1452
397 1452
396 1453
394 1453
393 1454
392 1454
391 1455
389 1455
388 1456
387 1456
386 1457
385 1457
384 1458
383 1458
382 1459
381 1459
380 1460
379 1460
378 1461
377 1461
376 1462
374 1462
373 1463
372 1463
371 1464
370 1464
369 1465
368 1465
367 1466
366 1466
365 1467
363 1467
362 1468
361 1468
360 1469
359 1469
358 1470
357 1470
356 1471
355 1471
354 1472
353 1472
352 1473
351 1473
350 1474
349 1474
348 1475
347 1475
346 1476
344 1476
343 1477
342 1477
341 1478
340 1478
339 1479
337 1479
336 1480
335 1480
334 1481
333 1481
332 1482
331 1482
330 1483
329 1483
327 1485
326 1485
325 1486
324 1486
323 1487
322 1487
321 1488
320 1488
319 1489
318 1489
317 1490
316 1490
315 1491
314 1491
312 1493
311 1493
310 1494
309 1494
308 1495
307 1495
306 1496
305 1496
304 1497
303 1497
302 1498
301 1498
300 1499
299 1499
298 1500
297 1500
296 1501
295 1501
294 1502
293 1502
292 1503
291 1503
290 1504
289 1504
288 1505
287 1505
286 1506
285 1506
284 1507
283 1507
282 1508
281 1508
279 1510
277 1510
276 1511
275 1511
274 1512
273 1512
271 1514
270 1514
269 1515
268 1515
267 1516
266 1516
265 1517
264 1517
262 1519
261 1519
260 1520
259 1520
257 1522
256 1522
255 1523
254 1523
253 1524
252 1524
251 1525
250 1525
249 1526
248 1526
246 1528
245 1528
244 1529
243 1529
241 1531
240 1531
239 1532
238 1532
237 1533
236 1533
235 1534
234 1534
233 1535
232 1535
230 1537
229 1537
228 1538
227 1538
226 1539
225 1539
222 1542
221 1542
216 1547
215 1547
215 1548
214 1549
214 1554
216 1556
216 1557
217 1558
218 1558
219 1559
226 1559
227 1560
240 1560
241 1561
242 1561
243 1560
273 1560
274 1559
299 1559
300 1558
308 1558
309 1557
316 1557
317 1556
321 1556
322 1555
326 1555
327 1554
331 1554
332 1553
336 1553
337 1552
341 1552
342 1551
347 1551
348 1550
351 1550
352 1549
357 1549
358 1548
362 1548
363 1547
366 1547
367 1546
370 1546
371 1545
375 1545
376 1544
379 1544
380 1543
382 1543
383 1542
387 1542
388 1541
391 1541
392 1540
396 1540
397 1539
399 1539
400 1538
401 1538
402 1537
405 1537
406 1536
409 1536
410 1535
413 1535
414 1534
415 1534
416 1533
419 1533
420 1532
423 1532
424 1531
427 1531
428 1530
430 1530
431 1529
433 1529
434 1528
435 1528
436 1527
438 1527
439 1526
441 1526
442 1525
443 1525
444 1524
446 1524
447 1523
449 1523
450 1522
452 1522
453 1521
454 1521
455 1520
458 1520
459 1519
461 1519
462 1518
464 1518
465 1517
467 1517
468 1516
469 1516
470 1515
472 1515
473 1514
475 1514
476 1513
478 1513
479 1512
480 1512
481 1511
482 1511
483 1510
486 1510
487 1509
489 1509
490 1508
492 1508
493 1507
495 1507
496 1506
497 1506
498 1505
500 1505
501 1504
503 1504
504 1503
506 1503
507 1502
508 1502
509 1501
510 1501
511 1500
513 1500
514 1499
515 1499
516 1498
517 1498
518 1497
519 1497
520 1496
521 1496
522 1495
524 1495
525 1494
526 1494
527 1493
528 1493
529 1492
530 1492
531 1491
532 1491
534 1489
535 1489
536 1488
537 1488
538 1487
539 1487
540 1486
541 1486
542 1485
544 1485
545 1484
546 1484
547 1483
549 1483
550 1482
551 1482
552 1481
553 1481
554 1480
555 1480
556 1479
557 1479
558 1478
559 1478
560 1477
561 1477
562 1476
563 1476
564 1475
565 1475
566 1474
567 1474
568 1473
569 1473
570 1472
571 1472
572 1471
573 1471
574 1470
575 1470
576 1469
577 1469
578 1468
579 1468
580 1467
581 1467
582 1466
583 1466
585 1464
586 1464
588 1462
589 1462
590 1461
591 1461
593 1459
594 1459
595 1458
596 1458
598 1456
599 1456
600 1455
601 1455
602 1454
603 1454
604 1453
605 1453
606 1452
607 1452
608 1451
609 1451
610 1450
611 1450
613 1448
614 1448
615 1447
616 1447
618 1445
619 1445
623 1441
624 1441
627 1438
627 1437
630 1434
630 1433
637 1426
637 1425
641 1421
641 1420
654 1407
655 1407
666 1396
666 1395
670 1391
670 1390
677 1383
678 1383
685 1376
686 1376
686 1375
689 1372
689 1366
687 1364
686 1364
685 1363
684 1363
683 1364
676 1364
675 1365
672 1365
671 1366
666 1366
665 1367
660 1367
659 1366
660 1365
661 1365
662 1364
663 1364
664 1363
667 1363
668 1362
670 1362
671 1361
672 1361
673 1360
675 1360
676 1359
677 1359
678 1358
679 1358
681 1356
681 1355
684 1352
684 1348
683 1347
683 1345
682 1344
682 1343
681 1342
680 1342
678 1340
677 1340
676 1339
675 1339
666 1330
665 1330
663 1328
663 1327
662 1327
650 1315
650 1314
647 1311
647 1309
646 1308
646 1306
645 1305
645 1303
643 1301
643 1300
640 1297
639 1297
637 1295
636 1295
634 1293
633 1293
631 1291
630 1291
629 1290
628 1290
627 1289
626 1289
625 1288
623 1288
622 1287
619 1287
618 1286
616 1286
615 1285
614 1285
613 1284
612 1284
611 1283
611 1277
612 1276
612 1262
613 1261
613 1258
614 1257
614 1229
613 1228
613 1222
614 1221
614 1218
613 1217
613 1210
614 1209
614 1208
615 1207
615 1205
620 1200
620 1199
623 1196
623 1195
624 1194
624 1192
625 1191
625 1189
626 1188
626 1185
627 1184
627 1182
628 1181
628 1177
629 1176
629 1171
630 1170
630 1164
631 1163
631 1158
630 1157
630 1152
629 1151
629 1148
628 1147
628 1145
627 1144
627 1142
626 1141
626 1139
625 1138
625 1136
624 1135
624 1134
623 1133
623 1131
622 1130
622 1128
621 1127
621 1126
620 1125
620 1124
619 1123
619 1122
618 1121
618 1120
616 1118
616 1117
614 1115
614 1114
612 1112
612 1111
609 1108
608 1108
606 1106
605 1106
604 1105
603 1105
599 1101
599 1100
597 1098
597 1097
596 1097
591 1092
591 1091
590 1090
590 1087
589 1086
589 1085
582 1078
582 1077
580 1075
580 1074
578 1072
577 1072
575 1070
575 1069
574 1068
574 1067
573 1066
573 1062
571 1060
571 1059
568 1056
568 1055
567 1054
567 1053
566 1052
566 1050
564 1048
564 1047
562 1045
562 1044
561 1043
561 1041
560 1040
560 1039
559 1038
560 1037
566 1037
567 1038
572 1038
573 1039
590 1039
591 1040
597 1040
598 1041
600 1041
601 1042
602 1042
605 1045
606 1045
609 1048
610 1048
612 1050
613 1050
615 1052
616 1052
621 1057
622 1057
625 1060
626 1060
628 1062
629 1062
631 1064
633 1064
634 1065
636 1065
637 1066
638 1066
639 1067
640 1067
641 1068
642 1068
647 1073
648 1073
653 1078
654 1078
660 1084
661 1084
668 1091
668 1092
669 1093
669 1094
670 1095
670 1096
674 1100
674 1103
675 1104
675 1110
676 1111
676 1112
678 1114
678 1116
679 1117
679 1121
680 1122
680 1125
686 1131
686 1132
688 1134
688 1135
692 1139
692 1140
694 1142
694 1143
695 1144
697 1144
698 1143
698 1135
697 1134
697 1133
695 1131
695 1130
693 1128
693 1126
692 1125
692 1124
693 1123
695 1123
696 1124
697 1124
703 1130
703 1131
705 1133
705 1134
708 1137
708 1138
710 1140
710 1141
711 1142
711 1143
713 1145
713 1146
714 1147
714 1148
716 1150
717 1150
718 1151
720 1151
721 1150
721 1145
720 1144
720 1141
719 1140
719 1139
718 1138
718 1137
717 1136
717 1135
716 1134
716 1132
715 1131
715 1130
716 1129
718 1131
718 1132
719 1133
719 1134
721 1136
721 1138
722 1139
722 1140
726 1144
730 1144
731 1143
731 1140
730 1139
730 1137
729 1136
729 1134
730 1133
732 1135
735 1135
736 1134
736 1131
735 1130
735 1128
734 1127
734 1125
733 1124
733 1123
732 1122
732 1119
733 1118
733 1110
732 1109
732 1106
729 1103
728 1103
727 1102
726 1102
724 1100
723 1100
718 1095
718 1094
717 1093
716 1093
714 1091
712 1091
709 1088
708 1088
706 1086
705 1086
704 1085
703 1085
701 1083
700 1083
699 1082
697 1082
696 1081
695 1081
689 1075
689 1074
685 1070
684 1070
682 1068
681 1068
677 1064
677 1063
675 1061
674 1061
667 1054
667 1053
661 1047
661 1046
658 1043
658 1042
653 1037
652 1037
644 1029
643 1029
640 1026
639 1026
637 1024
636 1024
634 1022
633 1022
628 1017
627 1017
625 1015
624 1015
622 1013
620 1013
619 1012
618 1012
617 1011
615 1011
614 1010
611 1010
610 1009
609 1009
608 1008
607 1008
605 1006
604 1006
603 1005
601 1005
600 1004
598 1004
597 1003
594 1003
593 1002
591 1002
590 1001
587 1001
586 1000
585 1000
584 999
583 999
582 998
581 998
580 997
578 997
577 996
576 996
575 995
573 995
572 994
569 994
568 993
567 993
565 991
561 991
560 990
559 990
558 989
554 989
553 988
552 988
551 987
550 987
549 986
547 986
546 985
543 985
542 984
541 984
540 983
539 983
538 982
537 982
536 981
532 981
531 980
518 980
517 979
510 979
509 980
504 980
503 981
502 981
501 982
500 982
499 983
498 983
496 985
495 985
494 986
493 986
491 988
490 988
489 989
489 990
487 992
487 993
486 994
486 995
483 998
482 998
481 997
481 989
480 988
480 987
479 986
479 985
477 983
477 981
478 980
479 981
480 981
479 980
478 980
477 979
477 977
475 975
476 974
475 973
475 972
471 968
471 966
470 965
470 964
469 963
469 962
466 959
466 958
464 956
464 955
462 953
462 952
460 950
459 950
457 948
456 948
455 947
453 947
452 946
453 945
451 943
452 944
451 945
450 945
449 944
445 944
444 943
443 943
441 941
439 941
438 942
434 942
433 941

