562 839
561 840
559 840
558 841
557 841
556 842
555 842
554 843
552 843
551 844
550 844
549 845
548 845
543 850
542 850
531 861
531 862
528 865
528 866
527 867
526 867
524 869
524 870
520 874
519 874
515 878
514 878
513 879
513 880
509 884
509 885
508 886
508 887
507 888
507 890
506 891
506 892
505 893
500 893
495 898
494 898
491 901
490 901
489 902
489 903
485 907
484 907
482 909
481 909
479 911
478 911
449 940
449 941
443 947
443 948
440 951
439 951
435 955
434 955
433 956
432 956
431 957
427 957
425 959
424 959
423 960
422 960
421 961
420 961
419 962
417 962
416 963
414 963
412 965
411 965
409 967
409 968
407 970
407 971
403 975
401 975
400 976
399 976
398 977
396 977
393 974
393 973
392 973
391 972
390 972
389 973
388 973
386 975
382 975
379 972
378 972
377 971
377 970
375 970
372 973
372 974
368 978
367 978
365 980
364 980
363 981
363 982
361 984
361 986
360 987
360 989
359 990
359 993
356 996
355 996
351 1000
351 1001
349 1003
349 1004
348 1005
348 1008
347 1009
347 1010
344 1013
343 1013
341 1015
341 1017
340 1018
340 1020
339 1021
339 1023
338 1024
338 1027
337 1028
337 1029
336 1030
336 1031
335 1032
334 1032
333 1033
331 1033
331 1034
330 1035
330 1036
329 1037
329 1038
328 1039
328 1040
327 1041
327 1043
326 1044
326 1045
325 1046
325 1047
321 1051
321 1052
320 1053
320 1054
319 1055
319 1058
318 1059
318 1062
317 1063
317 1065
316 1066
316 1069
315 1070
315 1072
314 1073
303 1073
302 1074
301 1074
300 1075
299 1075
298 1074
297 1074
295 1072
293 1072
292 1073
291 1073
291 1077
290 1078
290 1079
291 1080
294 1080
295 1081
295 1082
294 1083
294 1085
292 1087
291 1087
287 1091
286 1091
286 1092
285 1093
284 1093
283 1094
280 1094
279 1095
271 1095
269 1097
268 1097
267 1098
266 1098
265 1099
259 1099
258 1100
257 1100
256 1101
252 1101
251 1102
249 1102
248 1101
241 1101
239 1099
239 1097
238 1096
238 1095
234 1091
234 1089
233 1088
233 1080
231 1078
230 1078
229 1077
227 1077
224 1074
223 1074
220 1071
219 1071
218 1070
211 1070
210 1069
207 1069
205 1067
205 1064
203 1062
202 1062
200 1060
200 1059
199 1058
199 1056
197 1054
191 1054
190 1053
186 1053
185 1052
181 1052
180 1051
179 1051
177 1049
177 1048
179 1046
179 1045
180 1044
179 1043
179 1037
178 1036
178 1035
175 1032
174 1032
164 1022
164 1021
163 1020
163 1017
159 1013
157 1013
156 1012
154 1012
153 1011
151 1011
149 1009
149 1008
148 1007
148 1004
147 1003
146 1003
145 1002
144 1002
143 1001
138 1001
137 1000
134 1000
133 999
131 999
130 998
120 998
119 997
118 997
117 996
115 996
114 995
111 995
110 994
108 994
108 995
106 997
105 997
104 996
103 996
102 995
99 995
98 994
97 994
96 993
95 993
89 987
84 987
83 988
82 988
81 989
78 989
77 988
77 986
76 985
76 984
75 983
74 983
73 982
71 982
69 980
68 980
67 979
65 979
64 978
63 978
62 977
61 977
59 975
55 975
54 974
53 974
50 971
50 970
49 969
41 969
40 970
39 970
35 974
34 974
33 975
32 975
31 976
30 976
29 977
28 977
27 978
25 978
24 979
23 979
22 980
21 980
20 981
14 981
13 980
12 980
11 981
9 981
6 984
5 983
5 982
4 981
0 981
0 2399
1079 2399
1079 965
1077 967
1075 967
1074 968
1072 968
1070 970
1062 970
1061 971
1059 971
1058 972
1057 972
1056 973
1054 973
1052 975
1051 975
1049 977
1044 977
1043 976
1039 976
1038 975
1037 975
1036 974
1035 974
1034 973
1032 973
1031 972
1027 972
1026 971
1024 971
1022 969
1017 969
1015 971
1013 971
1010 974
1006 974
1005 973
1003 973
1003 974
1004 974
1005 975
1005 976
1004 977
1001 977
1000 976
996 976
995 975
991 975
990 974
989 974
988 973
985 973
984 974
983 974
982 975
981 975
980 976
977 976
976 975
974 975
972 973
971 973
970 972
969 972
963 966
961 966
960 967
959 967
957 969
957 971
959 973
956 976
955 976
953 974
951 974
950 975
949 975
947 977
949 979
948 980
945 980
945 981
947 983
944 986
943 986
940 989
939 989
942 989
943 988
944 988
945 987
946 987
947 988
947 989
942 994
941 994
940 995
936 995
935 994
935 992
936 991
932 991
931 992
929 990
928 990
927 989
921 989
920 990
913 990
912 991
911 990
909 990
906 993
906 994
905 995
904 995
902 997
900 997
899 996
896 996
895 997
893 997
892 996
891 996
890 997
886 997
885 996
884 996
883 997
883 998
882 999
881 999
880 1000
877 1000
876 1001
875 1001
874 1002
873 1002
872 1003
869 1003
867 1005
868 1006
871 1006
872 1007
876 1007
877 1008
879 1008
882 1011
881 1012
882 1013
883 1013
886 1010
887 1010
888 1009
892 1009
891 1009
888 1006
888 1003
891 1000
891 998
892 997
893 997
895 999
893 1001
893 1002
896 1002
896 1001
898 999
899 999
900 1000
900 1002
898 1004
898 1005
895 1008
895 1009
897 1007
897 1006
898 1005
899 1005
900 1004
900 1003
901 1002
901 1001
903 999
904 999
904 998
905 997
906 997
907 998
908 998
909 997
909 996
911 994
912 995
912 996
914 996
917 999
917 1000
916 1001
916 1002
915 1003
915 1005
914 1006
914 1007
913 1008
912 1007
911 1007
911 1010
910 1011
909 1011
909 1013
908 1014
908 1017
910 1017
911 1018
909 1020
908 1020
906 1022
905 1022
903 1024
903 1027
905 1029
909 1029
910 1030
910 1031
913 1031
914 1032
914 1033
915 1034
915 1035
916 1036
916 1037
913 1040
912 1040
911 1041
908 1041
907 1042
906 1041
905 1041
905 1044
904 1045
902 1045
901 1044
895 1044
894 1043
894 1042
892 1040
891 1040
890 1041
887 1038
886 1038
884 1040
883 1040
880 1043
878 1041
876 1041
875 1042
874 1042
873 1043
872 1043
871 1044
866 1044
864 1046
862 1046
860 1044
859 1044
858 1043
856 1043
855 1044
853 1044
851 1046
850 1046
849 1045
849 1044
848 1043
845 1043
845 1046
843 1048
841 1048
840 1047
837 1047
836 1046
833 1046
833 1047
831 1049
831 1051
830 1052
829 1052
828 1053
823 1053
822 1052
814 1052
813 1053
813 1054
812 1055
810 1055
810 1056
812 1056
813 1055
815 1055
816 1056
816 1058
817 1059
817 1061
812 1066
811 1066
810 1067
809 1067
807 1065
804 1065
802 1063
802 1062
801 1061
801 1060
803 1058
804 1058
804 1057
803 1056
799 1056
798 1055
796 1055
795 1056
793 1056
793 1057
792 1058
791 1058
789 1060
791 1062
791 1063
792 1064
798 1064
799 1065
802 1065
804 1067
804 1069
805 1070
805 1071
806 1072
806 1073
805 1074
805 1075
804 1076
804 1077
803 1078
802 1078
801 1077
796 1077
794 1075
793 1075
792 1074
787 1074
786 1075
783 1075
781 1073
781 1072
778 1072
777 1071
776 1071
774 1069
774 1067
773 1068
773 1070
774 1071
774 1072
770 1076
768 1076
767 1077
763 1077
762 1076
761 1076
761 1077
763 1079
763 1080
762 1081
760 1081
759 1080
759 1079
758 1078
758 1077
757 1077
755 1075
755 1072
754 1071
754 1068
753 1067
753 1062
752 1061
752 1059
753 1058
750 1055
750 1053
749 1052
749 1049
748 1048
748 1045
747 1044
747 1042
745 1040
745 1039
744 1038
744 1037
739 1032
738 1032
737 1033
735 1033
734 1034
728 1034
727 1035
726 1035
725 1036
724 1036
723 1037
722 1037
721 1038
719 1038
718 1039
717 1039
714 1042
714 1043
713 1044
713 1046
712 1047
712 1050
711 1051
711 1059
710 1060
708 1060
708 1061
707 1062
705 1060
705 1059
704 1058
704 1056
703 1055
703 1054
702 1053
702 1052
701 1051
701 1050
700 1049
700 1048
699 1047
699 1045
697 1043
697 1042
696 1041
696 1038
695 1037
695 1032
694 1031
694 1028
693 1027
693 1025
692 1024
692 1023
691 1022
691 1020
690 1019
690 1018
689 1017
689 1015
688 1014
688 1012
687 1011
687 1007
686 1006
686 1003
685 1002
685 999
684 998
684 996
683 995
683 993
682 992
682 991
679 988
679 986
677 984
677 983
676 982
676 980
675 979
675 978
674 977
674 975
673 974
673 972
672 971
672 970
671 969
671 968
670 967
670 966
669 965
669 964
668 963
668 962
667 961
667 958
666 957
666 956
665 955
665 954
664 953
664 951
663 950
663 949
662 948
662 946
661 945
661 944
660 943
660 941
659 940
659 937
658 936
658 934
657 933
657 929
656 928
656 926
654 924
654 922
653 921
653 919
652 918
652 917
651 916
651 915
649 913
649 912
646 909
646 908
645 907
645 906
643 904
643 903
642 902
642 901
640 899
640 898
639 897
639 896
638 895
638 894
636 892
636 891
631 886
631 885
629 883
629 882
628 882
627 881
625 881
624 882
621 882
619 880
619 879
618 878
618 877
616 875
616 874
611 869
610 869
609 868
608 868
606 866
605 866
603 864
602 864
601 863
600 863
599 862
598 862
597 861
596 861
595 860
594 860
593 859
592 859
576 843
575 843
574 842
573 842
572 841
569 841
568 840
565 840
564 839

