481 774
480 775
478 775
477 776
476 775
474 775
472 777
473 778
471 780
470 780
469 781
468 780
466 782
465 782
464 783
463 783
462 784
461 784
460 783
460 784
459 785
457 785
455 787
454 787
453 786
452 786
452 787
450 789
448 789
447 790
446 790
445 791
444 791
443 792
442 791
442 790
443 789
443 788
444 787
446 787
447 786
446 785
446 784
447 783
452 783
451 783
450 782
449 782
448 781
449 780
450 780
449 780
447 782
446 782
443 785
442 785
442 786
438 790
437 789
436 789
433 786
433 785
431 783
431 781
430 782
429 781
429 780
428 779
428 778
427 778
428 779
428 781
429 782
429 783
432 786
432 787
433 788
433 789
432 790
426 790
425 789
422 789
421 790
419 788
419 785
419 786
418 787
416 787
414 789
413 789
412 790
411 790
410 791
410 792
409 793
408 793
408 794
407 795
406 795
405 796
404 796
404 798
403 799
402 799
401 798
401 797
402 796
402 794
401 794
402 795
402 796
401 797
401 800
397 804
396 803
394 805
393 804
391 804
390 805
389 805
388 806
385 806
384 807
383 807
382 806
382 805
382 806
381 807
381 808
379 810
378 810
378 811
375 814
377 816
376 817
376 819
375 820
373 818
373 817
373 818
375 820
374 821
375 821
376 822
376 825
377 825
378 826
378 827
377 828
377 829
379 831
379 833
376 836
376 837
375 838
374 837
373 838
371 838
370 837
370 833
369 834
369 837
370 837
371 838
371 840
369 842
368 841
368 839
368 844
367 845
365 845
364 844
364 843
360 847
359 847
358 848
357 848
355 850
355 851
354 852
353 851
352 851
351 852
349 852
348 853
347 852
346 853
343 853
341 851
339 851
338 850
332 850
328 854
327 854
326 855
326 857
325 858
324 857
324 856
321 859
320 859
318 861
318 862
317 863
316 863
316 864
315 865
315 867
310 872
309 871
309 870
308 870
308 871
310 873
309 874
308 874
308 875
309 875
309 874
310 873
312 873
313 874
313 875
312 876
311 876
311 877
310 878
308 878
307 877
308 878
306 880
305 880
304 881
303 880
303 879
302 879
301 880
301 881
300 882
297 882
301 882
302 881
303 881
304 882
301 885
299 885
300 885
301 886
300 887
299 887
301 887
301 886
302 885
303 885
304 886
303 887
304 887
306 889
305 890
300 890
299 891
298 891
297 890
297 889
293 889
292 890
292 891
291 892
290 891
290 889
294 885
296 885
294 885
293 886
292 885
292 884
291 885
291 886
290 887
290 889
289 890
290 891
290 892
291 893
291 894
290 895
290 896
289 897
288 897
287 896
287 895
286 896
285 896
284 895
284 894
280 898
278 898
278 899
276 901
274 901
275 901
276 902
276 903
275 904
275 905
274 906
274 907
273 908
273 909
274 910
274 911
272 913
272 916
270 918
269 918
268 917
269 916
268 915
268 918
267 919
267 929
268 930
268 941
267 942
267 944
265 946
265 947
263 949
263 953
262 954
264 956
263 957
263 958
262 959
263 959
265 957
266 958
266 960
265 961
264 961
264 964
263 965
261 965
261 966
258 969
260 971
260 972
259 973
258 973
256 975
255 975
253 977
254 976
255 977
255 978
253 980
252 979
251 980
251 981
252 982
251 983
250 983
249 984
248 984
245 987
244 987
243 988
240 988
238 990
237 989
237 990
238 991
238 992
237 993
236 992
235 992
234 993
233 992
233 991
234 990
235 990
235 989
234 990
233 990
232 991
232 992
230 994
232 992
233 993
235 993
236 994
235 995
235 996
238 993
239 993
240 992
242 994
243 993
244 994
246 994
247 993
248 994
248 996
247 997
247 998
246 999
245 999
244 998
244 997
245 996
244 996
244 997
243 998
242 997
242 996
241 997
240 997
239 998
240 998
241 997
242 997
243 998
243 999
242 1000
242 1001
240 1003
241 1003
241 1002
242 1001
244 1001
245 1002
245 1003
247 1005
243 1009
242 1008
242 1006
242 1007
240 1009
240 1010
241 1011
240 1012
240 1014
239 1015
238 1014
236 1016
235 1016
235 1017
236 1017
237 1018
235 1020
236 1021
236 1022
234 1024
233 1024
233 1025
232 1026
231 1026
230 1027
229 1026
228 1026
228 1027
227 1028
226 1027
226 1026
225 1026
224 1027
223 1026
222 1026
221 1025
223 1027
221 1029
219 1029
219 1030
217 1032
216 1032
215 1031
216 1030
215 1031
214 1031
212 1033
211 1033
213 1033
214 1032
215 1033
216 1033
217 1034
214 1037
213 1037
211 1039
211 1040
212 1041
211 1042
207 1042
208 1043
209 1043
210 1044
209 1045
208 1045
207 1046
207 1049
206 1050
206 1051
205 1052
206 1052
207 1053
205 1055
205 1056
202 1059
201 1059
199 1061
199 1062
200 1063
199 1064
199 1066
198 1067
197 1067
195 1065
193 1065
193 1067
190 1070
190 1071
185 1076
185 1077
186 1077
187 1078
187 1079
186 1080
185 1079
184 1080
182 1080
181 1081
178 1081
178 1082
176 1084
175 1084
174 1083
174 1082
175 1081
176 1081
175 1081
171 1085
172 1086
170 1088
170 1089
169 1090
168 1090
167 1091
166 1091
165 1092
163 1092
162 1093
161 1092
160 1093
159 1093
158 1092
158 1093
159 1094
158 1095
157 1095
155 1097
155 1098
156 1097
157 1097
158 1098
155 1101
147 1101
146 1100
145 1101
145 1102
143 1104
142 1104
141 1103
143 1101
143 1099
142 1099
141 1098
141 1097
138 1097
137 1098
136 1098
135 1099
134 1099
131 1102
131 1103
130 1104
129 1104
128 1105
129 1105
130 1104
131 1105
131 1106
130 1107
129 1107
128 1108
127 1108
126 1109
126 1110
127 1110
128 1109
129 1109
130 1108
131 1109
135 1109
136 1108
137 1108
138 1109
137 1110
137 1111
136 1112
135 1111
134 1111
132 1113
133 1114
132 1115
131 1115
128 1118
127 1118
126 1117
126 1115
125 1116
125 1117
124 1118
123 1117
122 1117
121 1116
121 1115
119 1117
118 1117
117 1116
118 1117
118 1118
119 1119
119 1120
118 1121
118 1122
117 1123
116 1123
115 1122
116 1121
116 1120
114 1120
114 1123
112 1125
112 1126
113 1126
114 1127
114 1128
113 1129
112 1129
111 1130
110 1130
109 1131
108 1131
105 1134
105 1135
104 1136
103 1135
101 1137
100 1136
97 1139
96 1139
93 1142
93 1143
92 1144
92 1145
90 1147
89 1147
89 1151
88 1152
87 1152
86 1153
85 1153
82 1156
81 1156
79 1158
78 1158
78 1159
77 1160
77 1161
76 1162
75 1161
73 1163
73 1164
72 1165
71 1165
71 1168
69 1170
66 1170
65 1171
64 1171
63 1172
65 1172
66 1173
66 1174
65 1175
64 1175
65 1176
65 1177
64 1178
61 1178
60 1179
58 1179
57 1178
57 1177
58 1176
59 1177
59 1176
60 1175
60 1174
55 1179
54 1178
54 1177
55 1176
55 1175
54 1176
53 1176
50 1179
49 1179
48 1180
46 1180
47 1180
48 1181
48 1182
47 1183
46 1183
44 1185
42 1183
42 1182
43 1181
44 1181
43 1181
40 1184
39 1183
39 1182
37 1182
37 1183
36 1184
36 1185
37 1186
35 1188
33 1188
32 1189
31 1189
30 1190
29 1190
24 1195
23 1195
23 1197
24 1197
25 1198
22 1201
22 1202
21 1203
20 1203
19 1202
19 1205
18 1206
18 1215
17 1216
17 1217
19 1215
20 1215
19 1214
19 1210
21 1208
22 1208
22 1207
23 1206
23 1204
24 1203
25 1203
26 1204
25 1205
26 1204
25 1203
26 1202
26 1201
25 1201
24 1200
24 1199
26 1197
27 1198
27 1199
28 1200
28 1198
30 1196
31 1197
32 1196
35 1196
36 1197
34 1199
33 1199
33 1201
34 1201
35 1202
33 1204
32 1204
31 1203
29 1205
28 1205
28 1208
29 1209
27 1211
27 1214
27 1213
29 1211
30 1212
31 1212
31 1210
35 1206
36 1206
38 1204
39 1204
40 1205
39 1204
40 1203
41 1203
42 1202
43 1203
44 1203
45 1204
45 1205
43 1207
44 1206
45 1206
46 1205
47 1205
48 1204
50 1204
51 1203
52 1204
52 1205
49 1208
47 1208
46 1209
46 1213
45 1214
45 1215
44 1216
43 1215
43 1214
42 1214
41 1215
40 1215
38 1217
37 1217
37 1219
38 1220
38 1223
34 1227
32 1227
32 1230
31 1231
29 1229
29 1227
30 1226
29 1226
29 1230
28 1231
26 1231
25 1230
26 1231
26 1234
28 1234
29 1233
28 1232
30 1230
32 1232
32 1233
32 1231
33 1230
33 1228
34 1227
35 1227
36 1228
36 1231
34 1233
34 1235
32 1237
32 1239
31 1240
30 1240
30 1241
29 1242
27 1242
25 1240
25 1239
24 1238
23 1239
22 1239
22 1242
19 1245
21 1247
20 1248
18 1248
15 1251
13 1251
13 1253
12 1254
11 1254
10 1255
7 1255
8 1256
7 1257
6 1257
5 1256
5 1255
4 1255
3 1254
4 1253
6 1253
4 1251
2 1251
1 1252
1 1253
0 1254
0 1256
1 1255
2 1255
3 1256
3 1257
4 1256
5 1256
6 1257
6 1259
7 1258
7 1257
8 1256
9 1256
10 1257
11 1257
12 1258
12 1259
13 1260
9 1264
5 1264
5 1265
6 1266
5 1267
4 1267
3 1266
3 1263
4 1262
3 1261
4 1260
3 1260
1 1262
0 1261
0 2399
4 2399
4 2398
5 2397
5 2395
10 2390
10 2389
13 2386
14 2386
16 2384
16 2382
17 2381
17 2380
18 2379
18 2378
19 2377
19 2374
21 2372
22 2372
23 2371
26 2374
28 2374
29 2375
29 2376
30 2377
30 2378
31 2379
31 2386
30 2387
30 2399
58 2399
58 2398
59 2397
59 2396
63 2392
64 2392
65 2391
66 2391
67 2390
69 2390
70 2389
71 2389
72 2388
73 2388
74 2387
75 2387
76 2386
79 2386
80 2385
84 2385
85 2384
91 2384
92 2385
96 2385
97 2386
99 2386
100 2387
101 2387
102 2388
103 2388
104 2389
105 2389
106 2390
107 2390
109 2392
110 2392
111 2393
112 2393
115 2396
115 2397
116 2398
116 2399
185 2399
185 2397
190 2392
191 2392
192 2391
192 2389
191 2388
191 2385
193 2383
194 2383
195 2382
197 2382
198 2381
200 2381
201 2380
202 2380
203 2379
205 2379
206 2378
208 2378
209 2377
211 2377
212 2376
214 2376
215 2375
216 2375
217 2374
219 2374
220 2373
222 2373
223 2372
225 2372
226 2371
228 2371
229 2370
230 2370
231 2369
233 2369
234 2368
235 2368
236 2367
238 2367
239 2366
240 2366
241 2365
242 2365
243 2364
245 2364
246 2363
247 2363
248 2362
249 2362
250 2361
251 2361
252 2360
253 2360
254 2359
255 2359
256 2358
257 2358
258 2357
259 2357
260 2356
261 2356
262 2355
264 2355
265 2354
266 2354
267 2353
269 2353
270 2352
271 2352
272 2351
273 2351
274 2350
276 2350
277 2349
278 2349
279 2348
281 2348
282 2347
284 2347
285 2346
287 2346
288 2345
290 2345
291 2344
294 2344
295 2343
297 2343
298 2342
300 2342
301 2341
303 2341
304 2340
306 2340
307 2339
308 2339
309 2338
311 2338
312 2337
313 2337
314 2336
316 2336
317 2335
318 2335
319 2334
322 2334
323 2333
325 2333
326 2332
328 2332
329 2331
333 2331
334 2330
336 2330
337 2329
339 2329
340 2328
342 2328
343 2327
344 2327
346 2325
347 2325
350 2322
351 2322
352 2321
353 2321
354 2320
356 2320
357 2319
358 2319
359 2318
360 2318
361 2317
362 2317
363 2316
365 2316
366 2315
367 2315
368 2314
369 2314
370 2313
371 2313
372 2312
373 2312
374 2311
375 2311
376 2310
377 2310
378 2309
379 2309
380 2308
381 2308
382 2307
383 2307
385 2305
386 2305
387 2304
388 2304
389 2303
390 2303
392 2301
393 2301
394 2300
395 2300
396 2299
397 2299
399 2297
400 2297
401 2296
402 2296
404 2294
405 2294
407 2292
408 2292
409 2291
410 2291
411 2290
412 2290
414 2288
415 2288
417 2286
418 2286
419 2285
420 2285
422 2283
423 2283
425 2281
426 2281
427 2280
428 2280
430 2278
431 2278
433 2276
434 2276
436 2274
437 2274
439 2272
440 2272
442 2270
443 2270
444 2269
445 2269
447 2267
448 2267
449 2266
450 2266
451 2265
452 2265
454 2263
455 2263
458 2260
459 2260
462 2257
463 2257
466 2254
466 2253
467 2252
467 2251
468 2250
468 2249
469 2248
469 2247
470 2246
470 2245
471 2244
471 2242
472 2241
472 2240
473 2239
473 2237
474 2236
474 2235
475 2234
475 2232
476 2231
476 2230
477 2229
477 2227
478 2226
478 2224
479 2223
479 2222
480 2221
480 2220
481 2219
481 2217
482 2216
482 2215
483 2214
483 2212
484 2211
484 2209
485 2208
485 2207
486 2206
486 2204
487 2203
487 2202
488 2201
488 2199
489 2198
489 2196
490 2195
490 2193
491 2192
491 2191
492 2190
492 2189
494 2187
494 2186
499 2181
499 2180
504 2175
504 2174
508 2170
508 2169
510 2167
510 2166
513 2163
513 2162
516 2159
516 2158
519 2155
519 2154
521 2152
521 2151
523 2149
523 2148
525 2146
525 2145
527 2143
527 2142
530 2139
530 2138
531 2137
531 2136
533 2134
533 2133
535 2131
535 2130
537 2128
537 2127
538 2126
538 2125
540 2123
540 2122
541 2121
541 2120
543 2118
543 2117
545 2115
545 2114
546 2113
546 2112
547 2111
547 2110
548 2109
548 2108
550 2106
550 2105
551 2104
551 2103
552 2102
552 2101
553 2100
553 2099
554 2098
554 2097
555 2096
555 2095
557 2093
557 2092
558 2091
558 2090
559 2089
559 2088
560 2087
560 2086
562 2084
562 2083
563 2082
563 2081
564 2080
564 2079
565 2078
565 2077
566 2076
566 2075
567 2074
567 2073
568 2072
568 2071
569 2070
569 2069
570 2068
570 2067
571 2066
571 2065
573 2063
573 2062
574 2061
574 2059
575 2058
575 2057
576 2056
576 2055
577 2054
577 2053
578 2052
578 2051
579 2050
579 2049
580 2048
580 2047
581 2046
581 2045
582 2044
582 2043
583 2042
583 2041
584 2040
584 2039
585 2038
585 2037
586 2036
586 2035
587 2034
587 2033
588 2032
588 2031
589 2030
589 2029
590 2028
590 2026
592 2024
592 2023
593 2022
593 2021
594 2020
594 2018
595 2017
595 2016
596 2015
596 2014
597 2013
597 2012
598 2011
598 2010
599 2009
599 2008
600 2007
600 2006
601 2005
601 2004
602 2003
602 2001
603 2000
603 1999
604 1998
604 1997
605 1996
605 1995
606 1994
606 1993
607 1992
607 1991
608 1990
608 1988
609 1987
609 1986
610 1985
610 1984
611 1983
611 1982
612 1981
612 1980
613 1979
613 1978
614 1977
614 1976
615 1975
615 1973
616 1972
616 1971
617 1970
617 1969
618 1968
618 1967
619 1966
619 1965
620 1964
620 1962
621 1961
621 1960
622 1959
622 1958
623 1957
623 1955
624 1954
624 1953
625 1952
625 1950
626 1949
626 1946
627 1945
627 1943
628 1942
628 1940
629 1939
629 1935
630 1934
630 1929
631 1928
631 1923
632 1922
632 1917
633 1916
633 1913
634 1912
634 1910
635 1909
635 1906
636 1905
636 1901
637 1900
637 1895
638 1894
638 1889
639 1888
639 1879
640 1878
640 1847
641 1846
641 1844
642 1843
642 1842
643 1841
643 1840
648 1835
648 1834
654 1828
654 1827
656 1825
656 1824
657 1823
657 1822
665 1814
665 1813
668 1810
668 1809
669 1808
669 1806
670 1805
670 1804
673 1801
673 1800
675 1798
675 1797
698 1774
698 1773
699 1772
699 1764
698 1763
698 1762
697 1761
697 1759
705 1751
706 1751
707 1752
708 1752
709 1751
710 1751
711 1752
712 1752
715 1755
715 1763
714 1764
713 1764
715 1766
715 1768
716 1769
716 1771
715 1772
716 1773
716 1774
715 1775
715 1776
717 1778
715 1780
716 1780
717 1781
718 1781
719 1782
721 1780
723 1780
724 1781
724 1782
725 1781
727 1781
729 1783
728 1784
727 1784
728 1785
728 1786
730 1786
731 1787
731 1790
730 1791
731 1792
730 1793
731 1794
730 1795
730 1797
729 1798
729 1799
730 1800
730 1801
729 1802
728 1802
727 1801
727 1800
725 1802
725 1803
724 1804
723 1804
722 1805
721 1805
720 1806
719 1805
718 1805
718 1806
719 1807
720 1807
721 1808
722 1808
721 1807
723 1805
724 1806
725 1806
724 1805
724 1804
727 1801
728 1802
728 1803
727 1804
727 1805
729 1803
730 1804
731 1804
732 1803
732 1802
733 1801
732 1802
731 1801
731 1800
732 1799
732 1797
733 1796
734 1796
735 1797
736 1796
736 1793
737 1792
737 1791
738 1790
740 1792
740 1797
742 1799
742 1800
741 1801
742 1802
742 1806
741 1807
742 1807
743 1808
743 1810
745 1812
746 1812
747 1813
747 1814
748 1814
751 1817
753 1817
755 1815
760 1815
761 1816
763 1816
764 1817
764 1816
765 1815
766 1815
767 1814
768 1815
769 1814
769 1812
770 1811
770 1810
771 1809
771 1808
770 1807
770 1791
772 1789
772 1788
773 1787
774 1787
777 1784
778 1784
779 1783
780 1783
781 1784
782 1783
783 1783
784 1782
785 1782
786 1783
787 1783
788 1782
793 1782
791 1780
790 1780
789 1779
788 1779
785 1776
785 1774
786 1773
786 1771
785 1770
786 1769
786 1768
787 1767
786 1766
786 1762
788 1760
789 1760
790 1761
790 1763
791 1763
791 1762
794 1759
796 1759
798 1761
798 1762
799 1763
800 1763
801 1764
802 1764
807 1769
810 1769
812 1767
813 1768
813 1769
812 1770
813 1770
813 1768
814 1767
817 1767
818 1768
818 1767
819 1766
824 1766
824 1765
825 1764
826 1764
826 1761
827 1760
828 1760
829 1761
828 1762
829 1762
829 1761
830 1760
831 1760
832 1761
834 1761
835 1762
833 1760
834 1759
834 1754
836 1752
837 1753
838 1753
839 1754
838 1755
838 1756
838 1755
840 1753
841 1753
841 1752
842 1751
843 1752
844 1752
846 1754
846 1756
848 1754
852 1758
851 1759
852 1760
852 1763
851 1764
851 1765
850 1766
850 1768
848 1770
847 1770
848 1771
848 1773
847 1774
848 1775
848 1780
849 1781
849 1784
850 1785
850 1786
851 1787
851 1788
852 1789
852 1790
854 1792
854 1791
853 1790
853 1789
851 1787
851 1785
850 1784
850 1782
849 1781
849 1774
850 1773
850 1771
851 1770
850 1769
851 1768
851 1767
852 1766
852 1765
853 1764
853 1763
855 1761
856 1762
856 1764
858 1766
858 1767
859 1768
858 1769
857 1769
856 1770
854 1770
858 1770
859 1769
862 1769
863 1770
863 1771
864 1771
863 1770
864 1769
865 1769
863 1769
861 1767
861 1765
860 1764
860 1762
861 1761
861 1760
859 1758
860 1757
861 1757
861 1756
862 1755
862 1754
861 1753
862 1752
862 1751
861 1750
866 1745
866 1744
867 1743
867 1740
868 1739
868 1736
869 1735
869 1733
870 1732
872 1732
873 1731
875 1731
876 1732
876 1734
877 1735
877 1737
878 1737
880 1739
884 1739
885 1740
886 1740
887 1741
887 1742
889 1744
889 1743
890 1742
891 1742
894 1739
895 1739
895 1737
896 1736
896 1735
898 1733
899 1734
899 1735
900 1735
901 1736
901 1738
902 1738
903 1739
902 1740
902 1741
903 1741
904 1740
906 1740
907 1741
908 1740
911 1740
913 1738
913 1737
914 1736
914 1733
915 1732
915 1728
916 1727
916 1721
917 1720
917 1715
916 1714
916 1713
917 1712
918 1712
919 1711
924 1711
925 1712
926 1712
927 1713
928 1713
932 1717
932 1719
933 1720
933 1723
934 1724
934 1725
934 1724
935 1723
936 1723
935 1722
935 1721
936 1720
935 1719
935 1718
934 1717
935 1716
935 1713
934 1713
931 1710
927 1710
925 1708
923 1708
921 1706
918 1706
917 1705
917 1702
918 1701
919 1701
923 1705
924 1705
923 1704
922 1704
921 1703
921 1702
920 1701
919 1701
918 1700
918 1699
917 1699
916 1700
915 1700
914 1699
916 1697
915 1698
914 1698
913 1697
913 1695
914 1694
916 1694
917 1693
918 1693
919 1694
920 1694
921 1693
922 1694
922 1695
921 1696
921 1697
920 1698
922 1698
923 1699
923 1702
924 1702
924 1700
925 1699
926 1699
928 1701
930 1701
931 1700
932 1701
932 1705
933 1706
933 1707
935 1709
935 1710
936 1710
936 1708
937 1707
937 1706
936 1705
936 1704
937 1703
944 1703
945 1702
946 1702
946 1701
942 1701
941 1700
941 1699
943 1697
944 1697
945 1696
945 1694
946 1693
947 1693
947 1692
949 1690
950 1690
950 1689
951 1688
957 1688
958 1689
958 1690
957 1691
961 1691
962 1692
962 1693
964 1693
966 1695
966 1696
967 1697
967 1700
968 1701
967 1702
967 1703
970 1706
975 1706
976 1705
979 1705
979 1704
980 1703
980 1702
982 1700
982 1699
986 1695
987 1695
987 1692
988 1691
987 1691
987 1693
986 1694
985 1694
984 1693
985 1692
985 1691
985 1692
983 1694
983 1695
981 1697
981 1699
980 1700
979 1700
978 1701
976 1701
973 1698
974 1697
973 1696
974 1695
974 1694
976 1692
977 1692
978 1691
980 1691
981 1690
982 1690
983 1689
985 1689
985 1688
986 1687
987 1687
988 1686
988 1684
989 1683
990 1684
990 1686
990 1683
989 1682
989 1681
987 1681
987 1684
986 1685
986 1686
982 1690
981 1690
980 1689
980 1688
981 1687
981 1686
982 1685
979 1685
978 1684
978 1680
979 1679
979 1678
978 1677
979 1676
979 1675
977 1675
976 1674
976 1673
977 1672
977 1670
976 1670
974 1668
973 1668
971 1666
970 1666
968 1664
967 1664
966 1663
965 1663
963 1661
964 1660
965 1660
966 1659
966 1658
967 1657
968 1657
969 1656
970 1656
971 1655
971 1654
973 1652
973 1651
974 1650
974 1649
975 1648
976 1648
977 1647
978 1647
980 1649
980 1651
981 1651
982 1652
983 1652
985 1654
985 1655
988 1658
988 1661
989 1662
989 1666
988 1667
989 1667
989 1666
990 1665
990 1661
989 1660
989 1657
988 1656
988 1655
987 1654
987 1652
983 1648
983 1646
982 1645
981 1646
979 1646
978 1645
978 1644
977 1643
977 1640
976 1639
977 1638
978 1638
980 1640
981 1639
982 1639
981 1638
981 1637
982 1636
983 1636
982 1636
981 1635
981 1633
980 1634
977 1634
976 1635
975 1634
975 1633
974 1632
974 1630
973 1629
973 1625
972 1624
973 1623
974 1623
975 1622
976 1622
977 1623
977 1624
979 1626
979 1629
980 1629
980 1622
981 1621
982 1622
981 1621
981 1617
982 1616
984 1616
985 1617
985 1616
984 1615
984 1614
983 1615
981 1615
980 1614
980 1613
979 1612
979 1610
980 1609
981 1609
980 1608
981 1607
982 1607
983 1606
984 1606
985 1607
984 1608
984 1609
986 1611
985 1610
985 1609
986 1608
990 1612
991 1612
992 1613
993 1613
994 1614
993 1615
992 1615
992 1616
994 1614
995 1614
994 1614
993 1613
993 1612
994 1611
996 1611
995 1610
995 1608
996 1607
1000 1611
1000 1612
999 1613
997 1613
999 1615
998 1616
998 1618
997 1619
997 1620
998 1621
998 1620
997 1619
998 1618
998 1616
999 1615
1002 1618
1002 1619
1004 1619
1005 1620
1004 1621
1004 1622
1004 1621
1005 1620
1006 1620
1007 1621
1007 1622
1006 1623
1009 1623
1010 1624
1012 1624
1013 1625
1013 1626
1014 1625
1015 1625
1019 1621
1019 1620
1020 1619
1021 1620
1021 1621
1022 1620
1023 1621
1025 1619
1024 1619
1023 1618
1023 1617
1024 1616
1025 1616
1027 1618
1028 1617
1030 1617
1031 1616
1032 1617
1032 1619
1033 1620
1033 1621
1032 1622
1034 1624
1037 1624
1036 1623
1037 1622
1039 1622
1040 1623
1040 1624
1041 1625
1041 1626
1042 1627
1042 1628
1043 1628
1045 1626
1047 1626
1045 1626
1044 1627
1043 1626
1043 1622
1044 1621
1044 1619
1047 1616
1048 1617
1049 1617
1050 1618
1049 1619
1048 1619
1049 1619
1051 1621
1051 1620
1050 1620
1049 1619
1051 1617
1052 1618
1053 1618
1054 1619
1055 1619
1057 1621
1057 1622
1058 1623
1057 1624
1058 1625
1056 1627
1057 1626
1058 1626
1058 1622
1057 1621
1057 1620
1056 1619
1057 1618
1054 1618
1053 1617
1055 1615
1054 1615
1053 1614
1050 1614
1049 1613
1049 1611
1051 1609
1052 1609
1054 1611
1055 1611
1056 1612
1057 1612
1057 1610
1056 1609
1055 1610
1054 1610
1053 1609
1054 1608
1053 1608
1052 1607
1053 1606
1052 1606
1051 1605
1052 1604
1053 1604
1054 1603
1058 1603
1059 1604
1060 1603
1061 1603
1060 1602
1059 1603
1058 1603
1056 1601
1055 1602
1054 1602
1054 1603
1053 1604
1052 1604
1051 1605
1050 1605
1049 1604
1052 1601
1052 1599
1053 1598
1053 1594
1054 1593
1054 1589
1053 1588
1053 1586
1054 1585
1055 1585
1056 1586
1057 1586
1058 1587
1059 1587
1059 1586
1058 1587
1055 1584
1054 1585
1052 1583
1057 1578
1058 1579
1058 1580
1059 1581
1059 1582
1059 1579
1060 1578
1060 1577
1064 1573
1066 1573
1068 1575
1068 1576
1069 1577
1069 1578
1070 1579
1070 1584
1069 1585
1071 1587
1072 1587
1073 1588
1072 1589
1072 1590
1070 1592
1069 1591
1067 1591
1066 1592
1065 1592
1063 1590
1065 1588
1066 1589
1066 1588
1067 1587
1066 1586
1065 1586
1065 1588
1063 1590
1065 1592
1067 1592
1068 1593
1069 1592
1070 1593
1071 1593
1071 1592
1072 1591
1072 1590
1073 1589
1073 1582
1072 1581
1072 1580
1071 1579
1071 1578
1069 1576
1069 1575
1068 1574
1068 1573
1066 1571
1066 1570
1067 1569
1067 1568
1068 1567
1069 1567
1069 1566
1070 1565
1070 1564
1072 1562
1073 1562
1074 1563
1072 1561
1072 1560
1073 1559
1073 1556
1074 1555
1076 1555
1078 1557
1079 1557
1079 1555
1076 1555
1075 1554
1076 1553
1079 1553
1079 1551
1078 1550
1079 1549
1077 1547
1077 1545
1076 1544
1076 1543
1077 1542
1079 1544
1079 1543
1077 1541
1078 1540
1079 1540
1076 1537
1076 1536
1075 1535
1075 1533
1077 1531
1078 1531
1079 1530
1079 1528
1078 1529
1075 1529
1074 1528
1074 1527
1075 1526
1074 1525
1074 1524
1075 1523
1075 1522
1076 1521
1076 1520
1078 1518
1078 1516
1077 1517
1076 1516
1076 1514
1075 1513
1072 1513
1071 1514
1070 1514
1069 1513
1070 1512
1069 1512
1068 1511
1068 1506
1067 1505
1067 1503
1066 1502
1066 1500
1065 1499
1066 1498
1066 1497
1067 1496
1068 1496
1068 1495
1071 1492
1072 1492
1073 1491
1074 1491
1075 1490
1078 1490
1079 1489
1079 1487
1078 1488
1077 1488
1076 1487
1075 1487
1074 1488
1074 1489
1073 1490
1072 1490
1071 1491
1068 1491
1064 1495
1059 1490
1059 1489
1058 1489
1055 1486
1054 1486
1051 1483
1047 1483
1046 1482
1045 1483
1044 1483
1043 1482
1040 1482
1036 1478
1035 1478
1033 1476
1032 1476
1031 1475
1030 1475
1028 1473
1027 1473
1025 1471
1025 1470
1026 1469
1025 1469
1024 1470
1023 1470
1021 1468
1020 1468
1019 1467
1020 1466
1019 1465
1019 1460
1020 1459
1020 1454
1022 1452
1024 1452
1026 1450
1025 1449
1026 1448
1026 1446
1027 1445
1028 1446
1029 1446
1030 1445
1031 1446
1032 1446
1033 1447
1034 1447
1035 1448
1035 1450
1036 1451
1036 1452
1037 1453
1037 1452
1036 1451
1036 1449
1032 1445
1031 1445
1030 1444
1031 1443
1033 1443
1035 1441
1036 1441
1037 1442
1038 1441
1039 1441
1040 1440
1041 1440
1042 1439
1044 1439
1045 1440
1046 1439
1047 1440
1048 1439
1049 1439
1050 1440
1050 1441
1051 1440
1053 1442
1054 1441
1055 1442
1056 1441
1057 1442
1058 1442
1059 1443
1059 1444
1060 1445
1060 1446
1061 1447
1061 1449
1062 1450
1062 1451
1061 1452
1060 1452
1062 1452
1063 1453
1063 1455
1064 1455
1065 1456
1065 1457
1066 1458
1065 1459
1064 1459
1063 1458
1063 1460
1062 1461
1065 1464
1065 1465
1066 1466
1066 1467
1067 1468
1067 1469
1068 1469
1069 1468
1071 1468
1072 1469
1072 1470
1073 1471
1072 1472
1072 1473
1073 1473
1074 1474
1074 1478
1075 1479
1076 1479
1077 1480
1079 1480
1079 1479
1078 1479
1077 1478
1078 1477
1079 1477
1079 1474
1078 1473
1077 1473
1076 1472
1076 1471
1077 1470
1077 1469
1079 1467
1079 1465
1078 1464
1078 1463
1077 1462
1077 1460
1078 1459
1078 1458
1077 1457
1077 1458
1078 1459
1077 1460
1077 1461
1076 1462
1077 1463
1076 1464
1075 1464
1074 1465
1073 1464
1073 1461
1074 1460
1074 1455
1075 1454
1074 1453
1075 1452
1077 1452
1076 1451
1076 1447
1074 1445
1076 1443
1077 1443
1078 1444
1079 1444
1079 1437
1077 1439
1076 1439
1075 1440
1072 1440
1071 1441
1070 1441
1067 1438
1066 1438
1065 1437
1064 1437
1063 1436
1062 1436
1061 1435
1062 1434
1065 1434
1067 1436
1068 1436
1069 1435
1068 1434
1067 1435
1066 1434
1066 1432
1065 1431
1065 1430
1066 1429
1067 1429
1070 1432
1070 1431
1069 1431
1066 1428
1066 1427
1069 1424
1072 1424
1073 1423
1075 1423
1076 1424
1076 1425
1078 1427
1078 1428
1079 1427
1079 1425
1078 1424
1078 1421
1077 1420
1078 1419
1078 1418
1077 1417
1078 1416
1079 1416
1079 1415
1078 1415
1076 1413
1076 1411
1075 1410
1077 1408
1079 1408
1079 1407
1078 1408
1076 1406
1077 1405
1079 1405
1079 1404
1077 1404
1076 1403
1076 1402
1075 1402
1074 1401
1072 1401
1071 1402
1070 1402
1069 1401
1072 1398
1073 1398
1074 1399
1076 1399
1075 1398
1073 1398
1072 1397
1072 1396
1073 1395
1074 1396
1076 1394
1075 1394
1074 1393
1074 1392
1075 1391
1076 1392
1077 1392
1076 1391
1076 1390
1073 1390
1072 1389
1073 1388
1073 1387
1072 1386
1072 1385
1073 1384
1073 1383
1074 1382
1075 1383
1075 1384
1076 1385
1076 1386
1078 1386
1078 1385
1079 1384
1078 1383
1079 1382
1079 1379
1078 1378
1078 1377
1077 1377
1076 1376
1076 1377
1075 1378
1074 1378
1073 1379
1072 1379
1071 1378
1071 1377
1069 1377
1067 1379
1068 1380
1067 1381
1066 1381
1065 1382
1064 1382
1063 1381
1063 1380
1063 1381
1062 1382
1061 1382
1061 1383
1060 1384
1059 1384
1058 1383
1059 1382
1059 1380
1058 1380
1058 1381
1057 1382
1056 1381
1055 1381
1054 1382
1053 1382
1052 1383
1049 1383
1048 1382
1049 1381
1051 1381
1052 1380
1053 1380
1054 1379
1056 1379
1058 1377
1061 1377
1063 1375
1064 1375
1067 1372
1068 1372
1069 1371
1074 1371
1075 1370
1076 1370
1077 1371
1077 1373
1078 1374
1078 1375
1079 1375
1078 1374
1078 1373
1077 1372
1077 1371
1078 1370
1079 1371
1079 1370
1078 1369
1079 1368
1078 1367
1076 1367
1075 1366
1075 1365
1073 1365
1072 1364
1073 1363
1072 1362
1073 1361
1072 1360
1070 1360
1069 1359
1070 1358
1071 1358
1072 1357
1073 1357
1074 1358
1074 1359
1075 1360
1075 1361
1075 1360
1077 1358
1079 1358
1079 1356
1074 1356
1073 1355
1072 1355
1071 1356
1070 1355
1070 1353
1071 1352
1070 1351
1071 1350
1072 1350
1073 1349
1074 1349
1075 1350
1074 1351
1075 1352
1075 1353
1077 1353
1078 1352
1078 1351
1077 1351
1076 1350
1076 1349
1075 1348
1075 1347
1074 1347
1073 1346
1074 1347
1073 1348
1073 1349
1072 1350
1071 1350
1070 1351
1069 1351
1068 1350
1068 1349
1067 1348
1067 1347
1066 1347
1066 1350
1065 1351
1064 1350
1064 1349
1063 1348
1063 1345
1062 1344
1062 1343
1063 1342
1064 1343
1065 1343
1064 1343
1063 1342
1063 1341
1061 1341
1060 1340
1060 1338
1061 1337
1061 1335
1062 1334
1063 1335
1063 1336
1064 1336
1064 1335
1063 1335
1062 1334
1062 1333
1061 1333
1060 1332
1059 1333
1058 1333
1057 1332
1056 1332
1055 1331
1055 1332
1053 1334
1051 1334
1050 1333
1050 1332
1049 1332
1048 1331
1048 1327
1049 1326
1051 1326
1052 1327
1051 1328
1050 1328
1050 1329
1051 1329
1052 1328
1055 1328
1056 1329
1054 1327
1054 1326
1053 1325
1052 1325
1051 1326
1048 1326
1047 1325
1046 1325
1045 1324
1045 1323
1044 1324
1043 1324
1042 1323
1042 1322
1040 1322
1039 1321
1039 1320
1038 1319
1037 1319
1035 1317
1033 1317
1028 1312
1029 1311
1030 1311
1029 1310
1030 1309
1031 1309
1030 1308
1032 1306
1031 1305
1031 1303
1031 1305
1030 1306
1030 1307
1028 1309
1027 1308
1027 1307
1028 1306
1026 1308
1025 1307
1025 1306
1024 1307
1023 1307
1022 1306
1023 1305
1023 1304
1022 1304
1019 1301
1019 1295
1020 1294
1018 1292
1019 1291
1018 1291
1017 1290
1018 1289
1018 1287
1019 1286
1020 1286
1021 1287
1022 1287
1021 1286
1021 1284
1020 1285
1019 1285
1017 1283
1017 1277
1015 1277
1014 1278
1013 1277
1013 1273
1012 1272
1012 1271
1014 1269
1016 1269
1015 1269
1014 1268
1014 1267
1013 1266
1013 1267
1014 1268
1014 1269
1013 1270
1012 1270
1011 1269
1010 1269
1009 1268
1009 1267
1011 1265
1010 1264
1010 1259
1012 1257
1014 1257
1015 1258
1015 1259
1016 1260
1017 1259
1019 1259
1019 1258
1017 1256
1019 1254
1019 1253
1017 1253
1018 1253
1019 1254
1017 1256
1016 1255
1015 1255
1014 1254
1014 1253
1016 1251
1016 1250
1015 1250
1014 1249
1014 1248
1015 1247
1016 1248
1018 1248
1019 1249
1019 1251
1020 1251
1019 1250
1019 1249
1020 1248
1022 1248
1022 1247
1023 1246
1023 1244
1024 1243
1024 1240
1025 1239
1026 1239
1026 1237
1027 1236
1029 1238
1029 1239
1030 1239
1035 1244
1033 1246
1031 1246
1030 1245
1030 1244
1029 1244
1028 1243
1027 1243
1026 1242
1027 1243
1026 1244
1026 1246
1026 1245
1027 1244
1028 1245
1028 1248
1027 1249
1028 1248
1029 1248
1030 1249
1029 1248
1030 1247
1031 1247
1032 1246
1034 1246
1035 1247
1040 1247
1041 1248
1042 1248
1044 1250
1048 1250
1049 1251
1049 1253
1048 1254
1047 1253
1047 1252
1045 1252
1045 1253
1044 1254
1044 1255
1045 1255
1046 1256
1047 1255
1048 1255
1049 1256
1051 1254
1052 1254
1053 1255
1054 1254
1055 1254
1056 1253
1058 1253
1058 1251
1059 1250
1060 1250
1061 1251
1062 1251
1063 1250
1064 1250
1065 1249
1065 1247
1066 1246
1067 1247
1067 1245
1068 1244
1068 1243
1069 1242
1069 1234
1068 1233
1068 1231
1067 1230
1067 1229
1066 1228
1065 1228
1064 1227
1065 1226
1065 1225
1065 1226
1064 1227
1066 1229
1066 1230
1067 1230
1068 1231
1067 1232
1068 1233
1068 1235
1069 1236
1069 1241
1067 1243
1065 1241
1060 1241
1059 1240
1059 1239
1059 1240
1061 1242
1061 1243
1062 1244
1062 1245
1061 1246
1059 1246
1058 1245
1057 1245
1056 1244
1056 1241
1055 1240
1055 1238
1057 1236
1058 1236
1058 1235
1057 1235
1056 1234
1056 1233
1057 1232
1058 1232
1059 1231
1059 1230
1058 1230
1057 1229
1057 1227
1055 1229
1052 1229
1051 1230
1049 1228
1049 1226
1048 1226
1047 1225
1049 1223
1049 1222
1050 1221
1050 1220
1052 1218
1053 1218
1053 1217
1052 1218
1051 1218
1050 1217
1050 1216
1051 1215
1050 1214
1050 1213
1052 1211
1054 1213
1054 1212
1055 1211
1055 1210
1056 1209
1057 1209
1057 1207
1056 1207
1055 1206
1054 1206
1052 1204
1051 1204
1050 1203
1050 1202
1051 1201
1052 1201
1054 1203
1052 1201
1053 1200
1054 1200
1054 1199
1053 1198
1054 1197
1056 1197
1055 1197
1053 1195
1052 1195
1051 1194
1054 1191
1055 1191
1056 1190
1056 1189
1055 1188
1055 1187
1056 1186
1059 1186
1059 1185
1058 1185
1057 1184
1057 1183
1056 1182
1057 1181
1058 1181
1060 1183
1061 1183
1062 1182
1065 1182
1066 1183
1066 1186
1068 1184
1069 1184
1070 1185
1068 1187
1070 1187
1071 1186
1072 1186
1074 1184
1077 1184
1078 1183
1079 1183
1079 1178
1078 1179
1077 1179
1078 1180
1078 1181
1077 1182
1076 1181
1075 1182
1073 1182
1071 1180
1073 1178
1074 1178
1073 1178
1071 1176
1071 1175
1072 1174
1073 1175
1072 1174
1072 1173
1073 1172
1074 1172
1075 1171
1074 1171
1073 1170
1073 1169
1074 1168
1074 1167
1075 1166
1076 1166
1074 1166
1074 1167
1073 1168
1072 1167
1072 1165
1070 1163
1070 1162
1071 1161
1071 1160
1071 1161
1070 1162
1070 1163
1067 1166
1066 1165
1066 1163
1068 1161
1068 1156
1066 1156
1065 1157
1064 1156
1064 1155
1065 1154
1061 1154
1060 1153
1059 1153
1058 1152
1058 1151
1059 1150
1060 1150
1061 1151
1061 1150
1055 1144
1056 1143
1058 1143
1058 1142
1057 1141
1057 1137
1057 1139
1056 1140
1055 1140
1053 1138
1053 1137
1052 1137
1050 1135
1051 1136
1051 1137
1052 1138
1052 1140
1051 1141
1049 1139
1049 1138
1048 1137
1048 1136
1047 1136
1046 1135
1043 1135
1042 1136
1041 1135
1041 1134
1043 1132
1043 1131
1042 1130
1043 1129
1043 1125
1040 1125
1039 1124
1039 1123
1038 1123
1036 1121
1035 1122
1034 1122
1033 1121
1032 1121
1032 1123
1030 1125
1028 1125
1027 1126
1026 1125
1026 1124
1025 1124
1023 1126
1024 1125
1025 1126
1025 1127
1024 1128
1022 1128
1021 1127
1019 1127
1017 1125
1017 1124
1016 1123
1017 1122
1017 1121
1015 1123
1014 1122
1014 1120
1015 1119
1016 1119
1015 1118
1015 1116
1012 1113
1012 1111
1009 1108
1007 1108
1006 1107
1005 1107
1004 1106
1002 1106
1001 1105
999 1105
998 1106
997 1106
996 1105
995 1105
994 1106
992 1106
991 1107
989 1107
989 1108
988 1109
987 1108
985 1110
984 1110
979 1115
977 1115
973 1111
972 1111
971 1110
970 1110
969 1109
968 1109
967 1108
968 1107
966 1107
965 1108
964 1107
964 1105
962 1105
962 1106
961 1107
960 1106
958 1106
957 1107
954 1104
956 1102
955 1102
953 1100
953 1099
954 1098
953 1098
952 1097
952 1096
950 1098
948 1098
947 1097
942 1097
941 1096
938 1096
937 1097
936 1096
935 1096
936 1096
937 1097
936 1098
929 1098
927 1100
926 1099
924 1099
924 1101
922 1103
921 1103
919 1105
918 1105
917 1104
918 1103
917 1103
916 1104
914 1104
913 1103
913 1102
914 1101
916 1101
917 1100
918 1100
919 1101
920 1100
922 1100
922 1099
921 1099
920 1100
919 1100
918 1099
918 1098
917 1099
915 1099
912 1102
911 1102
910 1103
906 1103
905 1104
904 1104
903 1103
903 1101
902 1101
901 1102
901 1103
900 1104
897 1104
896 1105
895 1105
895 1106
896 1105
898 1107
898 1109
897 1110
895 1110
894 1111
893 1110
892 1110
890 1108
891 1107
893 1107
892 1106
891 1107
890 1107
889 1108
887 1108
886 1107
887 1106
887 1105
886 1104
886 1103
885 1103
886 1104
884 1106
883 1105
882 1105
882 1106
881 1107
880 1106
880 1103
881 1102
882 1103
882 1102
881 1101
881 1102
880 1103
879 1103
878 1102
878 1099
877 1099
876 1098
876 1097
875 1096
875 1095
876 1094
874 1094
872 1092
872 1091
871 1091
871 1092
872 1093
871 1094
870 1094
869 1095
870 1096
872 1096
873 1095
876 1098
875 1099
875 1100
874 1101
872 1099
871 1099
870 1100
868 1098
867 1098
868 1099
867 1100
860 1100
859 1101
857 1101
856 1100
855 1100
854 1101
853 1101
851 1099
851 1098
852 1097
853 1098
854 1098
855 1097
854 1098
853 1097
852 1097
851 1096
851 1094
852 1093
851 1094
850 1093
850 1091
849 1090
849 1091
850 1092
848 1094
845 1094
844 1093
842 1093
840 1091
839 1091
837 1089
836 1089
836 1090
835 1091
832 1091
828 1087
829 1086
830 1086
829 1086
828 1087
827 1087
825 1085
824 1085
823 1086
821 1086
820 1085
820 1083
819 1083
818 1084
817 1084
816 1083
816 1082
815 1082
813 1080
813 1079
814 1078
815 1079
814 1078
814 1077
813 1076
811 1076
810 1075
811 1074
811 1073
812 1072
815 1072
814 1072
813 1071
813 1070
815 1068
820 1068
819 1068
818 1067
818 1066
819 1065
819 1064
820 1063
819 1062
819 1061
821 1059
822 1059
823 1058
823 1057
824 1056
826 1056
827 1057
826 1058
828 1056
829 1057
832 1057
833 1058
833 1057
831 1055
831 1054
830 1053
830 1050
829 1049
829 1048
828 1047
828 1046
829 1045
831 1045
832 1046
834 1046
835 1047
835 1048
835 1047
836 1046
837 1046
838 1047
838 1048
837 1049
838 1049
839 1048
840 1049
841 1049
844 1052
844 1053
845 1054
845 1057
846 1058
846 1061
845 1062
845 1064
846 1065
846 1066
845 1067
844 1067
844 1069
842 1071
842 1072
841 1073
841 1074
840 1075
840 1076
838 1078
836 1078
836 1079
837 1080
837 1081
838 1082
837 1083
836 1083
834 1085
833 1085
834 1085
835 1084
838 1084
839 1085
841 1085
842 1086
843 1085
845 1085
847 1083
848 1083
849 1082
850 1082
850 1081
854 1077
855 1077
857 1075
858 1075
859 1074
861 1074
862 1073
865 1073
865 1072
863 1072
862 1073
860 1073
858 1075
856 1075
855 1074
855 1073
854 1073
854 1076
851 1079
850 1079
849 1078
847 1078
846 1077
846 1076
849 1073
849 1071
850 1070
850 1069
849 1070
848 1069
848 1068
849 1067
849 1064
850 1063
850 1062
849 1061
850 1060
851 1060
849 1058
849 1057
848 1056
849 1055
849 1054
848 1053
848 1052
847 1052
841 1046
839 1046
838 1045
837 1045
836 1046
835 1045
835 1044
836 1043
826 1043
825 1044
823 1044
821 1046
821 1047
820 1048
818 1048
816 1050
814 1050
812 1052
809 1052
807 1054
805 1052
801 1052
800 1051
800 1050
799 1050
798 1049
798 1048
796 1046
796 1045
791 1040
790 1040
788 1038
787 1038
786 1037
780 1037
779 1038
778 1038
777 1039
776 1039
775 1040
774 1040
773 1039
767 1039
765 1037
764 1037
763 1038
761 1038
760 1037
760 1036
761 1035
763 1035
762 1035
760 1033
757 1033
753 1029
752 1030
751 1030
748 1027
749 1026
747 1024
748 1023
748 1019
749 1018
751 1018
752 1017
753 1017
754 1018
757 1018
757 1016
752 1016
751 1017
750 1017
749 1016
749 1015
749 1016
748 1017
747 1017
746 1016
743 1016
742 1015
739 1015
737 1013
737 1012
738 1011
739 1011
737 1009
737 1008
738 1007
739 1007
740 1006
741 1007
741 1004
740 1003
740 1001
741 1000
742 1000
743 1001
743 1002
744 1002
744 1000
745 999
745 998
745 999
744 1000
743 999
743 997
742 996
744 994
744 993
743 992
743 990
742 989
742 988
741 987
742 986
742 985
740 983
740 982
739 981
739 979
738 979
737 978
737 977
736 976
737 975
736 974
735 975
733 973
734 972
734 971
735 970
734 971
733 971
732 972
731 972
730 971
730 970
732 968
731 968
730 967
730 968
729 969
727 969
724 966
725 967
724 968
723 968
722 967
723 968
721 970
722 971
721 972
720 972
720 973
721 974
722 974
724 976
724 977
725 976
726 976
727 977
727 979
727 976
728 975
729 975
731 977
731 978
737 984
737 986
734 989
733 988
733 987
734 986
733 987
732 986
733 987
733 988
732 989
731 988
730 988
728 990
725 990
724 989
725 988
724 987
722 987
721 986
721 985
720 984
720 983
719 982
718 982
716 980
716 979
715 980
713 978
714 977
715 977
714 976
714 975
713 974
713 972
714 971
715 972
718 972
718 971
717 972
716 971
715 971
714 970
713 970
712 969
713 968
715 968
715 967
714 966
714 965
714 967
712 969
711 968
709 968
708 967
708 966
707 965
706 965
705 966
701 966
699 964
699 963
700 962
701 963
699 961
699 960
700 959
702 959
702 958
704 956
703 957
702 956
702 955
702 956
703 957
702 958
701 958
700 957
698 959
696 957
696 959
697 960
697 962
696 963
696 965
695 966
694 965
694 966
693 967
690 967
689 966
689 965
690 964
689 963
689 962
690 961
690 959
689 960
688 960
687 959
687 957
689 955
690 955
692 957
693 957
695 955
698 955
698 954
697 953
699 951
700 951
701 952
702 952
701 951
697 951
696 950
696 949
697 948
696 947
696 944
697 943
697 942
696 942
695 941
695 938
697 936
697 935
697 936
696 937
695 936
690 936
689 935
688 935
685 932
685 931
686 930
683 927
683 926
682 925
682 923
683 922
682 921
682 920
683 919
684 920
685 919
687 919
687 918
686 917
686 914
686 916
680 922
679 921
678 922
677 922
676 921
677 920
677 919
676 918
677 917
677 916
675 914
675 913
673 915
671 913
672 912
668 908
669 907
669 906
668 906
666 904
666 902
665 901
665 898
666 897
667 897
668 898
669 898
671 900
671 898
670 897
670 895
669 894
669 892
672 889
673 889
674 890
675 890
676 891
676 892
676 890
674 888
675 887
675 886
671 886
669 884
670 883
670 882
670 883
669 884
668 884
667 883
667 882
669 880
667 880
665 878
665 876
666 875
667 876
668 875
669 875
670 874
674 874
675 875
675 876
677 878
677 880
680 877
681 878
682 878
684 880
685 879
686 879
688 881
688 882
689 883
689 885
690 886
690 884
689 883
689 881
690 880
691 881
691 882
691 880
692 879
693 879
694 880
694 883
696 885
696 886
697 887
698 887
699 888
699 891
698 892
698 893
697 894
698 895
698 897
699 898
699 899
700 900
700 901
700 900
699 899
699 896
698 895
699 894
700 894
700 892
699 891
699 886
698 885
699 884
699 880
698 879
699 878
700 878
700 877
698 877
697 876
697 874
698 873
699 874
697 872
697 871
696 870
696 869
694 867
695 866
695 865
695 866
694 867
691 864
690 864
689 863
688 863
686 861
685 861
684 860
683 860
682 859
681 859
679 857
679 855
677 853
677 852
676 851
676 850
675 849
675 848
674 847
674 846
673 847
672 847
671 846
670 847
669 846
669 845
669 846
670 847
669 848
670 849
670 851
669 852
665 852
663 850
662 850
661 851
659 849
659 847
658 847
657 846
657 845
658 844
655 841
655 840
654 839
650 839
649 838
647 838
646 837
646 835
644 835
643 834
643 833
642 832
640 832
638 830
638 829
637 828
636 828
635 827
634 827
633 826
633 825
632 824
631 824
632 825
632 827
631 828
631 831
630 832
628 830
628 829
627 828
626 829
625 828
625 826
623 824
623 823
622 822
622 821
623 820
624 820
625 819
626 819
625 818
625 819
624 820
620 820
619 819
618 819
617 818
618 817
618 816
617 816
618 817
617 818
615 818
614 819
613 818
613 819
612 820
610 818
610 817
609 816
609 817
608 818
608 819
607 820
606 820
602 816
603 815
604 815
605 816
606 816
606 814
605 813
606 812
607 812
607 810
607 811
606 812
605 812
604 813
603 813
601 811
601 810
602 809
603 809
604 810
605 810
605 809
600 809
601 810
601 811
600 812
598 810
597 810
596 809
597 808
597 807
596 806
596 805
597 804
596 804
595 803
595 802
595 804
594 805
593 804
593 802
592 802
591 801
592 800
593 800
594 799
595 799
596 798
597 799
597 800
599 802
599 801
600 800
599 801
598 800
598 799
597 798
596 798
595 797
595 796
594 797
593 796
593 794
594 793
593 794
592 793
592 792
591 791
591 790
590 789
590 788
590 791
591 792
590 793
588 793
587 792
588 791
588 790
588 791
587 792
586 791
583 791
582 790
582 789
580 791
576 791
575 790
573 790
572 789
569 789
568 788
566 788
565 787
564 787
563 786
563 785
561 785
560 784
560 783
559 784
559 785
558 786
556 784
547 784
545 782
545 781
544 782
540 782
538 780
531 780
533 782
534 782
537 785
537 787
536 788
535 787
534 788
532 788
531 789
530 788
529 788
528 787
529 786
528 786
527 787
526 786
525 786
523 784
523 785
522 786
520 786
519 785
520 784
521 784
521 783
520 782
521 781
522 781
523 782
522 781
523 780
517 780
516 779
512 779
511 778
510 778
509 779
508 779
507 778
507 777
503 777
502 778
501 778
500 779
499 778
498 778
497 777
498 776
499 776
496 776
495 775
494 775
493 776
491 776
490 777
489 777
488 778
486 778
485 777
485 776
484 776
483 777
481 777
480 776
480 775

