521 840
522 841
522 843
523 843
524 844
522 846
521 846
519 844
521 846
521 848
519 850
516 847
515 847
514 846
514 847
515 847
517 849
516 850
515 850
514 851
511 851
509 849
509 846
509 847
507 849
506 849
505 848
504 848
503 847
499 847
501 847
502 848
503 848
504 849
504 850
505 851
504 852
503 852
502 851
501 851
502 851
503 852
502 853
499 853
498 852
495 852
494 851
493 851
491 853
490 853
488 851
489 850
490 850
491 849
492 849
490 849
489 848
488 849
488 850
487 851
486 850
485 850
483 848
482 848
483 849
483 850
486 850
487 851
488 851
489 852
489 853
488 854
487 853
486 854
485 854
484 853
484 854
483 855
482 855
481 854
480 854
479 853
480 852
481 852
480 851
479 851
478 852
478 853
481 856
481 858
480 859
481 860
480 861
479 861
478 860
477 861
476 860
474 860
473 859
473 858
475 856
476 857
477 857
478 856
475 856
474 857
472 857
471 856
472 855
473 855
476 852
476 851
478 849
479 849
479 848
481 846
479 846
478 847
478 848
476 850
475 849
473 849
474 850
475 850
476 851
476 852
475 853
474 853
473 854
472 853
472 855
470 857
469 856
468 856
465 853
465 852
465 854
467 856
467 858
468 858
469 859
468 860
467 860
465 862
464 862
463 861
464 860
464 859
464 860
463 861
459 861
458 862
457 862
457 863
456 864
452 864
451 863
450 863
450 864
451 865
450 866
445 866
444 865
446 863
446 862
447 861
446 861
446 863
444 865
443 865
442 866
441 866
440 865
441 864
441 862
441 863
439 865
438 865
437 864
438 865
438 866
436 868
435 868
435 869
434 870
432 870
432 871
433 872
433 874
432 875
431 875
429 877
428 877
426 879
425 879
424 878
424 877
425 876
425 875
424 874
423 874
424 874
425 875
425 876
424 877
422 877
421 876
420 877
420 878
421 879
421 880
419 882
418 882
417 883
416 883
415 884
413 884
410 887
409 887
407 889
406 889
405 888
403 888
402 887
402 886
402 887
403 888
402 889
402 890
403 891
401 893
400 893
399 894
398 894
397 893
398 892
395 892
396 892
397 893
397 894
396 895
394 895
393 896
393 897
392 898
391 897
390 897
388 899
386 899
385 900
383 900
382 901
382 902
381 903
380 903
380 906
379 907
378 907
375 910
374 910
373 909
373 910
372 911
371 910
366 910
366 911
365 912
364 912
363 911
357 911
354 914
354 915
353 916
353 917
352 918
351 917
351 918
352 919
353 919
357 923
357 924
356 925
355 924
354 924
353 925
353 926
355 928
355 929
354 930
353 930
353 932
350 935
349 935
347 937
347 938
345 940
346 941
346 943
347 944
347 945
346 946
346 947
345 948
345 949
342 952
341 952
342 953
342 954
341 955
341 956
340 957
341 958
340 959
339 959
339 961
338 962
338 964
335 967
334 967
333 968
332 968
331 967
331 966
332 965
332 963
332 964
331 965
331 966
328 969
328 970
330 968
331 969
331 970
329 972
329 973
327 975
327 976
326 977
326 978
327 979
326 980
326 982
327 983
328 983
329 984
329 985
328 986
331 989
330 990
331 990
332 991
332 992
333 993
332 994
332 996
331 997
331 999
330 1000
331 1001
331 1002
330 1003
330 1004
329 1005
328 1005
328 1006
327 1007
327 1008
328 1009
328 1012
327 1013
327 1015
326 1016
327 1016
328 1017
327 1018
327 1020
328 1021
327 1022
327 1024
326 1025
325 1025
325 1026
326 1025
327 1026
327 1029
326 1030
326 1031
325 1032
324 1031
324 1032
323 1033
322 1032
320 1032
319 1031
318 1031
317 1030
315 1030
313 1028
313 1027
312 1027
309 1024
311 1022
312 1022
313 1021
314 1021
316 1023
316 1024
315 1025
314 1024
316 1026
317 1025
318 1025
318 1024
315 1021
311 1021
310 1022
309 1022
307 1024
308 1024
310 1026
310 1027
311 1028
311 1029
310 1030
309 1030
308 1029
308 1028
307 1028
306 1027
306 1026
305 1026
302 1023
305 1026
305 1027
304 1028
305 1029
305 1031
304 1032
302 1032
302 1033
299 1036
297 1036
296 1037
295 1037
295 1039
294 1040
294 1041
290 1045
289 1044
288 1044
287 1043
286 1043
285 1042
284 1042
283 1041
284 1040
283 1039
284 1038
285 1038
286 1037
287 1037
286 1037
285 1036
285 1035
284 1034
284 1032
285 1031
286 1032
286 1033
286 1032
287 1031
286 1030
286 1029
284 1029
282 1031
280 1029
282 1031
281 1032
280 1032
279 1033
278 1032
278 1030
277 1029
278 1028
277 1028
276 1027
276 1024
275 1023
275 1022
272 1019
272 1018
271 1018
270 1017
269 1017
268 1016
267 1016
266 1017
265 1016
265 1015
264 1016
259 1016
258 1017
254 1017
253 1018
252 1017
252 1016
248 1016
247 1015
246 1015
245 1016
244 1016
243 1017
244 1017
245 1018
245 1019
246 1020
244 1022
243 1021
242 1021
243 1022
241 1024
240 1024
240 1027
238 1029
239 1028
241 1028
244 1031
245 1030
247 1030
246 1029
245 1030
244 1030
243 1029
243 1028
242 1028
240 1026
240 1025
241 1024
242 1024
243 1025
244 1025
245 1024
246 1024
247 1025
247 1023
248 1022
249 1022
250 1021
251 1022
252 1022
253 1023
252 1024
251 1024
252 1024
253 1023
256 1023
255 1023
254 1022
254 1021
255 1020
257 1020
258 1019
263 1019
264 1020
263 1021
261 1021
260 1022
258 1022
259 1023
259 1024
260 1025
259 1024
261 1022
265 1022
266 1023
265 1024
265 1029
264 1030
263 1029
263 1028
262 1027
261 1027
262 1027
263 1028
263 1033
262 1034
259 1034
258 1033
258 1032
257 1031
257 1030
258 1029
259 1030
258 1029
258 1028
257 1028
256 1029
255 1028
256 1029
256 1030
257 1031
257 1032
256 1033
258 1035
259 1034
261 1034
262 1035
262 1036
263 1037
263 1038
261 1040
260 1039
261 1040
261 1041
260 1042
260 1043
262 1041
263 1041
265 1043
264 1044
265 1045
265 1046
264 1047
264 1048
263 1049
263 1052
262 1053
262 1057
261 1058
262 1059
262 1061
261 1062
260 1062
258 1060
258 1059
257 1059
259 1061
259 1062
257 1064
256 1063
256 1062
254 1062
253 1061
253 1062
251 1064
247 1064
246 1065
245 1065
243 1067
242 1066
242 1067
243 1067
245 1069
245 1071
244 1072
247 1072
248 1073
248 1077
253 1082
253 1085
252 1086
250 1086
250 1087
248 1089
248 1090
247 1091
245 1091
240 1096
239 1096
239 1097
238 1098
237 1097
236 1097
235 1098
235 1101
233 1103
231 1103
230 1102
229 1102
227 1100
226 1100
224 1098
223 1098
226 1101
226 1102
227 1103
228 1102
230 1102
232 1104
231 1105
232 1105
233 1104
235 1106
233 1108
232 1107
231 1108
230 1107
229 1107
231 1109
231 1111
233 1113
233 1114
234 1114
239 1119
238 1118
238 1117
239 1116
240 1117
242 1117
241 1117
240 1116
241 1115
243 1115
245 1117
245 1119
244 1120
245 1119
246 1119
247 1120
248 1120
249 1121
248 1122
249 1123
245 1127
244 1127
244 1128
245 1127
246 1128
248 1126
249 1126
250 1125
251 1125
252 1124
253 1125
253 1126
252 1127
253 1127
254 1128
254 1129
253 1130
254 1129
255 1130
255 1132
254 1133
254 1134
255 1134
256 1133
258 1133
260 1131
261 1132
261 1133
260 1134
261 1133
263 1135
264 1135
266 1137
266 1140
267 1141
264 1144
267 1144
270 1147
270 1148
269 1149
265 1149
264 1148
265 1147
266 1147
266 1146
263 1146
262 1147
261 1147
263 1149
262 1150
261 1150
261 1151
262 1152
260 1154
259 1153
259 1150
258 1151
259 1152
259 1153
258 1154
255 1154
256 1154
257 1155
257 1156
255 1158
253 1158
254 1158
255 1159
253 1161
252 1161
251 1162
251 1163
249 1165
249 1166
248 1167
247 1167
246 1166
246 1167
247 1167
248 1168
248 1169
247 1170
246 1170
247 1171
247 1173
248 1173
249 1174
249 1175
248 1176
247 1175
248 1176
247 1177
248 1178
248 1179
249 1180
249 1182
250 1183
250 1185
251 1185
253 1187
252 1186
252 1184
251 1183
251 1182
250 1181
250 1179
249 1178
250 1177
251 1177
252 1178
252 1179
253 1178
255 1178
256 1179
255 1180
255 1181
256 1182
256 1184
257 1185
257 1186
258 1187
258 1188
259 1189
259 1190
263 1194
262 1195
262 1196
261 1197
260 1196
260 1197
261 1198
259 1200
258 1200
257 1201
254 1201
255 1202
254 1203
253 1203
252 1202
252 1204
251 1205
249 1205
249 1207
247 1209
245 1209
244 1210
244 1211
245 1212
245 1213
244 1214
244 1216
247 1219
247 1220
246 1221
248 1221
251 1224
252 1224
253 1225
252 1226
252 1227
256 1227
257 1228
257 1227
258 1226
262 1226
264 1228
263 1229
264 1229
265 1228
264 1228
263 1227
266 1224
267 1224
268 1225
268 1226
269 1225
270 1225
271 1224
272 1224
273 1225
272 1226
273 1226
274 1227
273 1228
272 1228
274 1230
274 1234
275 1235
275 1236
277 1236
280 1239
281 1239
283 1241
283 1242
284 1241
285 1241
287 1243
286 1244
286 1245
285 1246
285 1247
284 1248
287 1245
288 1245
289 1246
289 1248
286 1251
285 1251
283 1253
285 1251
286 1251
287 1250
288 1250
289 1251
288 1252
288 1253
287 1254
286 1253
285 1254
285 1255
283 1257
282 1257
281 1258
280 1258
279 1257
281 1255
281 1253
281 1254
278 1257
277 1256
273 1256
271 1258
270 1257
270 1255
268 1253
266 1253
263 1250
263 1249
262 1250
261 1249
260 1249
259 1248
262 1245
263 1246
264 1246
265 1245
266 1246
265 1245
262 1245
260 1247
258 1247
257 1248
256 1248
256 1249
257 1250
255 1252
257 1254
256 1253
256 1252
257 1251
258 1251
261 1254
259 1252
261 1250
263 1252
263 1253
267 1257
269 1257
272 1260
273 1260
274 1261
274 1262
275 1262
276 1261
278 1261
279 1260
280 1260
281 1261
282 1261
286 1257
287 1257
286 1256
289 1253
289 1252
291 1250
291 1249
292 1248
292 1247
291 1246
291 1245
292 1244
293 1245
293 1242
292 1242
291 1241
291 1240
292 1239
293 1239
294 1240
295 1239
296 1239
297 1240
297 1242
296 1243
298 1241
299 1241
301 1243
301 1244
299 1246
298 1245
297 1245
302 1250
302 1251
303 1251
302 1250
302 1249
300 1247
300 1246
302 1244
305 1247
306 1246
308 1246
309 1247
308 1248
307 1248
308 1249
309 1249
308 1248
309 1247
310 1247
311 1246
312 1246
313 1247
312 1248
313 1247
314 1247
315 1248
314 1249
315 1248
316 1248
317 1249
318 1249
319 1250
319 1252
321 1254
322 1254
323 1255
324 1254
327 1257
327 1258
326 1259
325 1259
327 1259
328 1260
328 1261
327 1262
327 1263
325 1265
324 1265
324 1267
323 1268
322 1268
321 1267
320 1268
320 1269
319 1270
320 1270
320 1269
321 1268
322 1269
322 1271
318 1275
317 1275
316 1276
315 1275
316 1276
316 1277
318 1275
321 1275
322 1276
322 1278
321 1279
320 1279
319 1278
319 1279
318 1280
319 1280
320 1281
319 1282
319 1285
318 1286
315 1286
315 1287
314 1288
310 1288
309 1289
308 1289
306 1291
304 1291
303 1290
303 1291
304 1292
306 1292
307 1291
309 1291
310 1292
311 1292
313 1294
314 1294
315 1295
317 1295
318 1296
319 1296
320 1297
322 1297
324 1295
325 1296
326 1296
328 1294
329 1294
330 1293
331 1294
332 1293
332 1292
334 1290
335 1290
336 1289
336 1288
338 1286
338 1285
340 1283
341 1284
344 1284
343 1283
341 1283
340 1282
340 1281
341 1280
341 1276
342 1275
343 1276
343 1277
343 1275
344 1274
344 1270
345 1269
347 1269
350 1272
355 1272
356 1273
357 1273
359 1275
358 1276
356 1276
355 1275
353 1275
352 1274
351 1274
350 1275
351 1276
349 1278
350 1278
355 1283
355 1284
356 1285
357 1285
362 1290
362 1291
364 1291
367 1294
367 1295
367 1294
369 1292
370 1292
369 1292
368 1291
368 1289
370 1287
369 1288
368 1288
367 1287
366 1287
365 1286
366 1285
365 1286
364 1285
364 1284
363 1283
363 1282
364 1281
365 1281
364 1280
365 1279
365 1277
366 1276
367 1276
367 1275
368 1274
369 1274
370 1275
371 1275
375 1279
373 1281
373 1284
374 1285
372 1287
373 1287
375 1285
377 1285
378 1284
379 1284
381 1286
380 1287
382 1289
382 1290
384 1292
384 1293
385 1294
385 1296
386 1297
386 1299
388 1301
388 1303
389 1303
390 1304
393 1304
394 1305
393 1306
392 1306
391 1307
392 1307
393 1306
394 1306
395 1307
395 1308
393 1310
391 1310
390 1309
390 1310
391 1311
390 1312
389 1312
390 1313
390 1314
389 1315
389 1319
388 1320
388 1321
390 1323
390 1325
391 1326
391 1327
392 1327
391 1326
391 1325
390 1324
390 1322
389 1321
389 1320
390 1319
390 1318
392 1316
395 1316
396 1317
395 1318
399 1314
400 1315
400 1317
401 1318
400 1319
400 1320
401 1319
402 1319
403 1320
402 1321
402 1322
403 1323
403 1324
404 1323
406 1323
407 1324
407 1325
408 1326
407 1327
406 1327
405 1326
402 1326
405 1326
406 1327
406 1328
408 1326
408 1324
409 1323
411 1323
411 1321
411 1322
410 1323
408 1323
407 1324
406 1323
406 1320
407 1319
408 1320
410 1318
411 1318
412 1319
412 1318
413 1317
412 1316
412 1314
410 1312
410 1311
411 1310
411 1309
410 1309
409 1308
409 1307
408 1306
409 1305
411 1305
411 1304
412 1303
412 1301
411 1300
411 1299
412 1298
411 1297
410 1298
407 1295
407 1293
406 1292
407 1291
408 1291
409 1292
408 1291
408 1290
406 1288
406 1287
402 1283
402 1281
401 1280
401 1277
400 1276
402 1274
403 1274
403 1272
403 1273
402 1274
401 1274
400 1273
401 1272
401 1271
403 1269
403 1268
404 1267
405 1268
406 1268
407 1269
407 1267
408 1266
409 1267
409 1268
410 1268
411 1269
412 1269
413 1268
414 1268
415 1267
416 1268
417 1267
419 1267
422 1270
422 1271
423 1272
423 1273
424 1274
424 1277
425 1278
426 1278
427 1279
428 1279
429 1280
431 1280
432 1279
433 1279
434 1280
435 1280
434 1280
433 1279
434 1278
435 1278
437 1276
439 1276
439 1275
440 1274
443 1274
444 1275
444 1276
446 1276
447 1277
449 1277
449 1276
447 1276
445 1274
446 1273
448 1273
450 1271
451 1272
454 1272
455 1271
458 1271
460 1269
461 1269
462 1270
461 1271
462 1272
462 1273
461 1274
460 1273
459 1273
459 1274
458 1275
457 1275
456 1274
456 1273
456 1274
457 1275
457 1276
458 1275
459 1275
460 1276
460 1278
459 1279
460 1279
461 1280
462 1280
463 1279
464 1280
464 1282
466 1284
467 1284
469 1286
468 1287
467 1287
466 1288
467 1288
468 1289
468 1290
469 1289
470 1290
473 1290
474 1291
475 1291
476 1292
477 1291
478 1291
479 1292
479 1293
480 1294
480 1295
481 1296
480 1297
480 1300
481 1299
483 1301
483 1302
482 1303
482 1304
477 1309
479 1307
480 1307
481 1308
481 1309
477 1313
478 1314
478 1315
477 1316
477 1318
477 1317
478 1316
478 1313
479 1312
480 1312
481 1311
481 1309
482 1308
481 1308
480 1307
482 1305
483 1305
482 1304
483 1303
484 1303
484 1300
482 1298
483 1297
483 1296
484 1295
484 1293
483 1293
482 1292
482 1291
483 1290
482 1289
484 1287
484 1286
486 1284
486 1280
487 1279
487 1278
486 1277
486 1275
485 1274
485 1273
484 1272
484 1271
482 1269
482 1266
481 1265
481 1264
478 1261
479 1260
479 1258
480 1257
484 1261
484 1262
486 1264
486 1265
487 1266
487 1267
494 1274
494 1277
495 1278
495 1279
496 1280
496 1281
497 1282
497 1283
498 1284
498 1286
499 1287
499 1288
500 1289
500 1291
502 1293
502 1296
504 1298
503 1299
503 1300
502 1301
502 1302
501 1303
501 1312
500 1313
500 1330
499 1331
499 1332
498 1333
497 1333
496 1334
494 1334
493 1335
489 1335
488 1336
487 1336
485 1338
484 1338
482 1340
474 1340
473 1341
469 1341
468 1342
461 1342
460 1343
454 1343
453 1344
449 1344
448 1345
446 1345
445 1346
444 1346
442 1348
441 1348
434 1355
434 1356
431 1359
431 1360
429 1362
429 1363
427 1365
427 1366
425 1368
425 1369
424 1370
424 1371
423 1372
423 1373
422 1374
422 1376
421 1377
421 1379
420 1380
420 1384
419 1385
419 1392
418 1393
418 1400
417 1401
417 1406
418 1407
418 1415
419 1416
419 1418
418 1419
418 1426
417 1427
417 1429
416 1430
416 1432
415 1433
415 1434
414 1435
413 1435
412 1436
411 1436
410 1437
409 1437
408 1438
407 1438
402 1443
402 1444
401 1445
401 1446
399 1448
399 1450
398 1451
398 1452
397 1453
397 1454
396 1455
396 1458
395 1459
395 1461
394 1462
394 1465
393 1466
393 1468
392 1469
392 1472
391 1473
391 1475
390 1476
390 1478
389 1479
389 1481
388 1482
388 1484
387 1485
387 1486
382 1491
382 1492
380 1494
380 1495
379 1496
379 1497
374 1502
373 1502
371 1504
370 1504
368 1506
367 1506
364 1509
363 1509
361 1511
360 1511
359 1512
358 1512
357 1513
356 1513
355 1514
354 1514
353 1515
352 1515
351 1516
350 1516
349 1517
348 1517
347 1518
346 1518
345 1519
344 1519
343 1520
342 1520
339 1523
338 1523
334 1527
334 1528
332 1530
332 1531
331 1532
331 1534
330 1535
330 1540
329 1541
329 1544
330 1545
330 1548
331 1549
331 1551
332 1552
331 1553
331 1554
328 1557
328 1558
325 1561
325 1562
323 1564
323 1565
322 1566
322 1567
320 1569
320 1570
318 1572
318 1573
316 1575
316 1576
314 1578
314 1579
313 1580
313 1581
311 1583
311 1584
310 1585
310 1586
308 1588
308 1589
307 1590
307 1591
306 1592
306 1593
305 1594
305 1595
304 1596
304 1597
302 1599
302 1600
300 1602
300 1603
299 1604
299 1605
297 1607
297 1608
295 1610
295 1611
292 1614
292 1615
290 1617
290 1618
286 1622
286 1623
283 1626
283 1627
280 1630
280 1631
277 1634
271 1634
269 1632
268 1632
267 1631
266 1631
265 1630
264 1630
263 1629
262 1629
260 1627
254 1627
253 1628
251 1628
250 1629
249 1629
247 1631
246 1631
244 1633
243 1633
239 1637
238 1637
236 1639
235 1639
229 1645
229 1646
225 1650
225 1651
223 1653
223 1654
222 1655
222 1656
220 1658
220 1659
218 1661
218 1662
216 1664
216 1665
214 1667
214 1669
213 1670
213 1671
212 1672
212 1673
211 1674
211 1675
210 1676
210 1677
209 1678
209 1679
208 1680
208 1681
207 1682
207 1683
206 1684
206 1685
204 1687
203 1687
201 1689
200 1689
199 1690
198 1690
197 1691
196 1691
195 1692
194 1692
193 1693
192 1693
191 1694
190 1694
189 1695
188 1695
187 1696
186 1696
185 1697
184 1697
183 1698
182 1698
181 1699
180 1699
179 1700
178 1700
177 1701
176 1701
175 1702
174 1702
172 1704
171 1704
168 1707
167 1707
164 1710
163 1710
161 1712
160 1712
158 1714
157 1714
154 1717
153 1717
151 1719
150 1719
148 1721
147 1721
145 1723
143 1723
140 1726
139 1726
137 1728
136 1728
135 1729
134 1729
132 1731
131 1731
127 1735
126 1735
120 1741
119 1741
116 1744
112 1744
111 1745
105 1745
104 1746
101 1746
100 1747
98 1747
97 1748
95 1748
94 1749
92 1749
91 1750
90 1750
88 1752
87 1752
85 1754
84 1754
81 1757
80 1757
79 1758
79 1759
77 1761
77 1762
75 1764
75 1765
74 1766
74 1768
73 1769
73 1770
72 1771
72 1772
67 1777
67 1778
61 1784
60 1784
58 1786
57 1786
55 1788
54 1788
51 1791
51 1792
50 1793
50 1796
48 1798
47 1798
44 1801
43 1801
42 1802
42 1803
27 1818
26 1818
21 1823
20 1823
5 1838
5 1839
1 1843
1 1844
0 1845
0 1938
35 1938
36 1939
44 1939
45 1940
56 1940
57 1941
66 1941
67 1942
71 1942
72 1943
82 1943
83 1944
88 1944
89 1945
101 1945
102 1946
107 1946
108 1947
119 1947
120 1948
133 1948
134 1949
170 1949
171 1950
191 1950
192 1949
196 1949
197 1950
200 1950
201 1949
202 1949
203 1950
207 1950
208 1949
209 1949
210 1950
212 1950
213 1949
223 1949
224 1948
227 1948
229 1950
230 1950
232 1948
237 1948
238 1947
246 1947
247 1948
248 1947
264 1947
265 1946
267 1946
268 1947
269 1947
270 1948
275 1948
276 1947
280 1947
281 1948
284 1948
285 1947
287 1947
288 1946
292 1946
293 1947
306 1947
307 1948
318 1948
319 1947
322 1947
324 1949
326 1949
327 1950
329 1950
330 1951
331 1951
332 1950
344 1950
345 1951
350 1951
351 1952
352 1952
353 1951
354 1951
355 1952
356 1952
357 1953
362 1953
363 1954
365 1954
366 1955
371 1955
372 1956
373 1956
374 1957
379 1957
380 1958
385 1958
386 1959
390 1959
391 1960
392 1960
393 1961
395 1961
396 1962
397 1962
398 1963
400 1963
401 1964
403 1964
404 1965
409 1965
410 1966
411 1966
412 1967
416 1967
417 1968
421 1968
422 1969
424 1969
425 1970
427 1970
428 1971
429 1971
430 1972
433 1972
434 1973
442 1973
443 1974
449 1974
450 1975
458 1975
459 1976
470 1976
471 1977
481 1977
482 1978
490 1978
491 1979
496 1979
497 1980
517 1980
518 1981
527 1981
528 1982
529 1981
536 1981
537 1980
538 1980
539 1979
541 1979
542 1978
555 1978
556 1977
557 1977
558 1978
560 1978
561 1979
566 1979
570 1983
571 1983
572 1984
574 1984
575 1985
576 1985
579 1988
580 1988
581 1989
582 1989
583 1990
585 1990
587 1992
589 1992
590 1993
591 1993
592 1994
594 1994
595 1995
597 1995
598 1996
599 1996
601 1998
602 1998
603 1999
604 1999
605 2000
606 2000
607 2001
608 2001
610 2003
611 2003
613 2005
614 2005
615 2006
616 2006
617 2007
618 2007
619 2008
620 2008
622 2010
623 2010
624 2011
625 2011
629 2015
630 2015
632 2017
633 2017
635 2019
636 2019
637 2020
638 2020
640 2022
641 2022
643 2024
644 2024
645 2025
646 2025
648 2027
649 2027
650 2028
651 2028
654 2031
655 2031
656 2032
657 2032
658 2033
659 2033
660 2034
662 2034
664 2036
665 2036
666 2037
668 2037
669 2038
671 2038
672 2039
674 2039
675 2040
677 2040
678 2041
680 2041
681 2042
682 2042
683 2043
686 2043
687 2044
692 2044
693 2045
695 2045
697 2047
702 2047
703 2048
706 2048
707 2049
711 2049
712 2050
716 2050
717 2051
720 2051
721 2052
722 2052
723 2053
726 2053
727 2054
729 2054
731 2056
735 2056
736 2057
737 2057
738 2058
740 2058
741 2059
745 2059
746 2060
748 2060
749 2061
750 2061
751 2062
754 2062
755 2063
756 2063
757 2064
760 2064
761 2065
762 2065
763 2066
765 2066
766 2067
769 2067
770 2068
773 2068
774 2069
777 2069
778 2070
780 2070
781 2071
784 2071
785 2072
787 2072
788 2073
793 2073
794 2074
796 2074
797 2075
799 2075
800 2076
807 2076
808 2077
811 2077
812 2078
814 2078
815 2079
819 2079
820 2080
822 2080
823 2081
824 2081
825 2082
826 2082
827 2083
832 2083
833 2084
834 2084
835 2085
837 2085
838 2086
841 2086
842 2087
843 2087
844 2088
845 2088
846 2089
849 2089
850 2090
852 2090
854 2092
858 2092
859 2093
862 2093
863 2094
865 2094
866 2095
868 2095
869 2096
870 2096
871 2097
875 2097
876 2098
879 2098
880 2099
883 2099
884 2100
885 2100
886 2101
889 2101
890 2102
891 2102
893 2104
899 2104
900 2105
902 2105
903 2106
905 2106
906 2107
909 2107
910 2108
914 2108
915 2107
916 2107
917 2106
918 2106
919 2105
920 2105
921 2104
922 2104
923 2103
924 2103
926 2101
930 2101
931 2102
932 2102
934 2104
935 2104
936 2105
938 2105
940 2107
941 2107
943 2109
944 2109
949 2114
950 2114
951 2115
954 2115
955 2116
957 2116
958 2117
961 2117
962 2118
964 2118
965 2119
968 2119
969 2120
971 2120
972 2121
977 2121
978 2122
982 2122
983 2123
988 2123
989 2124
991 2124
992 2125
995 2125
996 2126
1003 2126
1004 2127
1011 2127
1012 2128
1017 2128
1018 2127
1023 2127
1024 2128
1036 2128
1037 2127
1037 2126
1038 2125
1038 2124
1040 2122
1040 2121
1041 2120
1041 2113
1031 2103
1031 2102
1029 2100
1029 2099
1028 2098
1028 2097
1029 2096
1029 2095
1030 2094
1030 2093
1031 2092
1031 2086
1030 2085
1030 2083
1028 2081
1028 2080
1027 2079
1027 2078
1026 2077
1026 2076
1023 2073
1023 2072
1021 2070
1021 2069
1020 2068
1020 2067
1019 2066
1019 2065
1018 2064
1018 2063
1010 2055
1010 2054
1008 2052
1008 2051
1005 2048
1005 2047
1003 2045
1003 2044
1000 2041
1000 2040
999 2039
997 2039
994 2036
994 2035
989 2030
989 2029
987 2027
987 2026
988 2025
987 2024
985 2024
976 2015
976 2013
977 2012
977 2008
976 2007
976 2006
975 2005
975 2004
974 2003
974 2002
972 2000
972 1999
971 1998
971 1997
969 1995
969 1994
967 1992
967 1990
966 1989
966 1988
964 1986
964 1985
963 1984
962 1984
958 1980
958 1979
957 1978
957 1977
953 1973
953 1972
951 1970
951 1969
947 1965
947 1964
946 1963
946 1962
944 1960
944 1959
940 1955
940 1954
938 1952
938 1951
936 1949
936 1948
935 1948
932 1945
931 1945
929 1943
928 1943
925 1940
923 1940
920 1937
919 1937
918 1936
917 1936
916 1935
915 1935
914 1934
912 1934
911 1933
910 1933
908 1931
906 1931
905 1930
904 1930
902 1928
900 1928
898 1926
897 1926
895 1924
894 1924
893 1923
892 1923
891 1922
889 1922
886 1919
885 1919
884 1918
883 1918
881 1916
880 1916
878 1914
877 1914
874 1911
873 1911
871 1909
870 1909
866 1905
865 1905
862 1902
861 1902
858 1899
857 1899
854 1896
853 1896
850 1893
849 1893
846 1890
845 1890
843 1888
842 1888
841 1887
840 1887
839 1886
838 1886
837 1885
836 1885
835 1884
834 1884
833 1883
830 1883
829 1882
826 1882
825 1881
818 1881
817 1880
816 1880
815 1879
815 1875
817 1873
818 1873
819 1872
825 1872
826 1871
830 1871
831 1872
832 1871
886 1871
887 1870
897 1870
898 1869
906 1869
907 1868
912 1868
913 1867
918 1867
919 1866
927 1866
928 1865
931 1865
932 1864
942 1864
943 1865
944 1865
945 1866
950 1866
952 1868
953 1867
955 1867
956 1868
962 1868
963 1867
968 1867
969 1866
986 1866
987 1867
989 1867
990 1866
991 1866
992 1867
999 1867
1000 1868
1010 1868
1011 1867
1017 1867
1018 1866
1022 1866
1023 1865
1025 1865
1026 1864
1027 1864
1029 1862
1031 1862
1034 1859
1035 1859
1045 1849
1045 1848
1047 1846
1047 1845
1050 1842
1050 1841
1056 1835
1058 1835
1059 1834
1061 1834
1062 1835
1063 1834
1072 1834
1073 1835
1075 1835
1076 1836
1077 1836
1078 1837
1079 1837
1079 1293
1078 1293
1071 1286
1070 1286
1066 1282
1065 1282
1062 1279
1061 1279
1059 1277
1058 1277
1055 1274
1054 1274
1052 1272
1051 1272
1048 1269
1047 1269
1045 1267
1044 1267
1040 1263
1039 1263
1036 1260
1035 1260
1031 1256
1030 1256
1027 1253
1026 1253
1023 1250
1022 1250
1021 1249
1020 1249
1018 1247
1017 1247
1016 1246
1015 1246
1014 1245
1013 1245
1011 1243
1010 1243
1008 1241
1007 1241
1003 1237
1002 1237
999 1234
998 1234
951 1187
950 1187
944 1181
943 1181
942 1180
934 1180
933 1181
930 1181
929 1182
924 1182
923 1183
917 1183
916 1182
913 1182
912 1181
891 1181
890 1180
887 1180
886 1179
884 1179
883 1178
879 1178
878 1177
875 1177
874 1176
871 1176
870 1175
868 1175
867 1174
864 1174
863 1173
860 1173
859 1172
857 1172
856 1171
854 1171
851 1168
850 1168
849 1167
848 1167
847 1166
846 1166
845 1165
843 1165
842 1164
838 1164
837 1163
832 1163
830 1161
830 1160
828 1158
828 1157
827 1156
827 1154
826 1153
826 1151
825 1150
825 1147
824 1146
824 1145
827 1142
828 1142
830 1140
831 1140
833 1138
834 1138
840 1132
840 1131
843 1128
843 1127
845 1125
845 1124
846 1123
846 1122
847 1121
847 1117
848 1116
848 1113
847 1112
847 1110
846 1109
846 1108
840 1102
839 1102
837 1100
836 1100
835 1099
834 1099
833 1098
832 1098
830 1096
829 1096
828 1095
827 1095
826 1094
825 1094
824 1093
823 1093
822 1092
821 1092
819 1090
817 1090
815 1088
814 1088
810 1084
809 1084
801 1076
800 1076
788 1064
787 1064
786 1063
786 1062
785 1061
787 1059
786 1059
785 1060
784 1060
782 1058
782 1057
781 1056
781 1055
780 1054
780 1053
779 1052
779 1045
780 1044
780 1043
787 1036
787 1035
788 1034
788 1033
790 1031
790 1023
789 1023
787 1021
786 1021
781 1016
781 1015
779 1013
779 1011
777 1009
777 1008
775 1006
775 1005
772 1002
772 1001
769 998
769 997
767 995
767 994
765 992
765 991
763 989
763 988
762 987
762 986
761 985
761 984
760 983
760 982
759 981
759 980
758 979
758 977
757 976
757 975
756 974
756 973
755 972
755 971
753 969
753 968
752 967
752 966
751 965
751 964
749 962
749 961
746 958
746 957
741 952
741 951
735 945
735 944
723 932
723 928
724 927
722 925
724 923
725 924
725 925
726 926
726 924
724 922
722 922
719 919
719 918
714 913
713 913
712 914
709 911
707 911
705 909
705 908
707 906
706 905
704 905
703 904
701 904
700 903
700 902
698 900
698 899
697 899
691 893
689 893
688 892
687 892
685 890
684 890
682 888
682 887
681 886
681 885
678 882
677 883
672 878
672 879
673 879
674 880
674 882
673 883
672 882
672 881
671 881
668 878
668 877
667 878
664 878
661 875
661 874
660 873
661 872
661 871
660 870
659 871
658 871
659 871
660 872
660 873
659 874
658 873
657 874
656 873
656 871
655 870
655 868
654 867
654 866
652 864
654 862
653 863
652 862
652 861
651 861
652 862
650 864
650 867
649 868
648 867
648 864
647 864
646 863
645 863
643 861
644 860
645 860
645 859
646 858
647 858
646 857
643 860
642 860
641 859
640 859
641 860
640 861
638 861
637 860
637 858
635 856
634 856
636 858
634 860
632 858
632 856
631 855
631 854
632 853
631 853
630 854
632 856
632 857
631 858
630 858
629 857
629 856
628 855
628 853
628 855
626 857
625 857
624 856
624 855
625 854
624 853
623 853
624 854
624 856
623 857
621 857
620 856
620 855
619 855
618 856
610 856
609 855
603 855
600 852
600 851
601 850
601 849
602 848
603 848
602 848
601 849
600 849
599 848
599 847
601 845
601 844
600 844
600 845
599 846
598 846
598 847
596 849
595 848
592 848
590 846
589 846
587 844
585 844
584 843
582 845
581 845
581 846
580 847
580 848
579 849
578 849
577 848
573 848
572 847
573 846
574 846
574 845
573 846
572 845
570 845
569 846
568 846
567 845
566 845
565 844
566 843
569 843
568 842
568 841
568 842
567 843
566 842
564 844
563 844
562 843
561 843
561 844
560 845
557 845
556 846
554 846
553 845
555 847
554 848
552 848
550 846
551 845
550 844
549 845
548 845
547 844
546 844
545 843
545 842
545 844
546 845
545 846
543 846
542 845
542 846
541 847
540 846
538 846
537 845
538 844
539 844
539 843
538 842
539 841
538 842
537 842
536 843
537 843
538 844
537 845
534 845
533 846
532 845
531 845
530 844
530 846
532 846
533 847
533 848
532 849
527 849
526 848
526 847
526 848
525 849
524 848
523 849
521 847
523 845
524 846
525 845
527 845
526 845
524 843
525 842
524 841
522 841

