725 829
725 831
724 832
723 832
723 834
722 835
723 836
724 836
726 838
728 838
729 839
728 840
717 840
717 842
716 843
713 840
714 839
714 837
713 837
712 838
712 839
711 840
711 841
709 843
708 843
703 848
703 849
702 850
701 850
700 851
699 850
699 849
698 850
697 849
697 848
694 848
694 851
691 854
690 854
689 855
688 855
686 857
686 861
687 862
687 864
686 865
685 865
684 866
683 865
683 864
682 863
681 863
681 865
679 867
678 866
676 866
676 868
675 869
674 869
674 870
673 871
674 872
674 875
671 878
667 878
666 877
664 877
663 876
662 877
662 879
663 880
663 881
662 882
661 882
660 883
659 883
658 884
656 884
655 883
653 883
652 882
650 882
649 881
646 881
645 880
644 880
643 879
642 879
640 877
639 877
638 876
637 876
636 875
634 875
633 874
631 874
630 873
628 873
627 872
625 872
624 871
623 871
622 870
621 870
620 869
618 869
617 868
615 868
614 867
606 867
605 866
597 866
596 865
571 865
570 866
546 866
545 865
544 865
542 863
540 863
539 862
537 862
536 861
532 861
531 860
528 860
527 859
524 859
523 858
520 858
519 857
473 857
472 858
468 858
467 859
463 859
462 860
457 860
456 861
452 861
451 862
445 862
444 863
441 863
440 864
433 864
432 865
430 865
429 866
427 866
426 867
425 867
424 868
423 868
422 869
420 869
419 870
417 870
416 871
415 871
414 872
413 872
411 874
410 874
400 884
399 884
398 885
397 885
395 887
392 887
391 888
390 888
389 889
388 889
386 891
385 891
384 892
383 892
377 898
377 899
373 903
373 904
362 915
362 916
361 917
361 918
360 919
360 921
359 922
359 924
358 925
358 928
357 929
357 930
356 931
356 932
355 933
355 935
354 936
354 937
353 938
353 939
352 940
352 943
351 944
351 948
350 949
350 954
349 955
349 956
350 957
350 959
351 960
351 961
352 962
353 962
355 964
356 964
357 965
362 965
363 964
364 964
365 963
366 963
367 962
367 961
368 960
368 959
369 958
369 956
370 955
370 954
371 953
371 952
372 951
372 949
373 948
373 947
374 946
374 945
375 944
375 943
376 942
376 941
377 940
377 938
378 937
378 936
381 933
382 933
383 932
384 932
386 930
387 931
387 940
386 941
386 946
385 947
385 948
384 949
384 952
383 953
383 958
382 959
382 969
381 970
381 980
383 982
383 983
386 986
387 986
388 987
389 987
390 988
394 988
395 987
396 987
397 986
398 986
401 983
402 983
403 984
404 984
406 986
407 986
408 987
409 987
410 988
415 988
416 987
417 987
418 986
419 986
422 983
422 982
424 980
424 979
425 978
425 977
426 976
426 974
429 971
432 971
434 973
435 973
436 974
437 974
438 975
440 975
441 976
443 976
444 977
445 977
446 978
448 978
449 979
452 979
453 980
455 980
456 981
459 981
460 982
463 982
464 983
485 983
486 982
498 982
499 983
504 983
507 986
507 988
508 989
508 999
509 1000
509 1002
510 1003
510 1005
509 1006
509 1007
503 1013
502 1013
499 1016
498 1016
493 1021
492 1021
491 1022
490 1022
479 1033
478 1033
471 1040
471 1041
456 1056
456 1057
450 1063
449 1063
447 1065
446 1065
442 1069
442 1070
439 1073
438 1073
436 1075
435 1075
432 1078
432 1079
430 1081
430 1082
428 1084
428 1085
427 1086
427 1087
426 1088
426 1089
424 1091
424 1092
423 1093
423 1094
421 1096
421 1097
420 1098
420 1099
419 1100
419 1101
416 1104
416 1105
415 1106
415 1107
414 1108
414 1109
411 1112
411 1113
409 1115
409 1116
408 1117
408 1118
406 1120
406 1121
405 1122
405 1123
404 1124
404 1125
402 1127
402 1128
401 1129
401 1130
400 1131
400 1133
399 1134
399 1137
398 1138
398 1140
397 1141
397 1143
396 1144
396 1148
395 1149
395 1152
394 1153
394 1155
391 1158
391 1159
390 1160
390 1162
389 1163
389 1164
388 1165
388 1166
386 1168
386 1169
384 1171
384 1172
383 1173
383 1174
382 1175
382 1176
381 1177
381 1178
380 1179
380 1180
379 1181
379 1182
378 1183
378 1186
377 1187
377 1201
378 1202
378 1207
377 1208
377 1210
376 1211
376 1213
375 1214
375 1216
374 1217
374 1219
373 1220
373 1222
372 1223
372 1224
371 1225
371 1228
370 1229
370 1231
369 1232
369 1233
368 1234
368 1236
367 1237
367 1240
366 1241
366 1244
365 1245
365 1246
364 1247
364 1249
363 1250
363 1257
362 1258
362 1261
361 1262
361 1264
360 1265
360 1267
359 1268
359 1271
358 1272
358 1278
357 1279
357 1293
356 1294
356 1299
355 1300
355 1310
356 1311
356 1313
357 1314
357 1315
358 1316
358 1321
359 1322
359 1325
360 1326
360 1327
358 1329
357 1329
356 1330
355 1330
350 1335
350 1336
349 1337
349 1339
348 1340
348 1343
347 1344
347 1347
346 1348
346 1352
345 1353
345 1354
344 1355
344 1356
343 1357
343 1358
342 1359
342 1360
341 1361
341 1362
340 1363
340 1364
339 1365
339 1366
338 1367
338 1369
337 1370
337 1371
336 1372
336 1374
335 1375
335 1393
334 1394
334 1395
333 1396
333 1397
332 1398
332 1410
333 1411
333 1416
334 1417
334 1421
335 1422
335 1425
336 1426
336 1428
337 1429
337 1432
338 1433
338 1435
339 1436
339 1438
340 1439
340 1441
341 1442
341 1444
342 1445
342 1447
343 1448
343 1449
344 1450
344 1452
345 1453
345 1455
346 1456
346 1458
347 1459
347 1460
348 1461
348 1463
349 1464
349 1465
350 1466
350 1468
351 1469
351 1470
352 1471
352 1476
353 1477
353 1480
352 1481
352 1482
353 1483
353 1496
352 1497
352 1498
350 1500
350 1501
348 1503
348 1504
346 1506
346 1507
345 1508
345 1509
344 1510
344 1511
343 1512
343 1513
342 1514
342 1515
341 1516
341 1517
340 1518
340 1519
338 1521
338 1522
337 1523
337 1524
336 1525
336 1526
335 1527
335 1528
333 1530
333 1531
332 1532
332 1533
331 1534
331 1535
329 1537
329 1538
328 1539
328 1540
327 1541
327 1542
325 1544
325 1545
323 1547
323 1548
322 1549
322 1551
321 1552
321 1555
320 1556
320 1558
319 1559
319 1563
318 1564
318 1567
317 1568
317 1573
316 1574
316 1583
315 1584
315 1588
307 1596
307 1597
301 1603
300 1603
297 1606
297 1607
293 1611
292 1611
288 1615
287 1615
284 1618
283 1618
274 1627
274 1628
271 1631
271 1632
268 1635
268 1636
265 1639
265 1640
262 1643
262 1644
260 1646
260 1651
259 1652
258 1652
254 1656
253 1656
249 1660
248 1660
242 1666
242 1667
243 1668
243 1670
239 1674
239 1675
238 1676
238 1677
236 1679
234 1679
234 1680
232 1682
232 1683
230 1685
230 1686
229 1687
229 1689
228 1690
228 1691
227 1692
227 1693
226 1694
226 1695
222 1699
222 1700
219 1703
219 1704
217 1706
217 1708
216 1709
216 1711
212 1715
211 1715
209 1717
208 1717
205 1720
204 1720
203 1721
203 1722
204 1722
205 1723
205 1724
203 1726
201 1726
199 1728
199 1729
198 1730
198 1731
190 1739
190 1740
189 1741
189 1742
188 1743
188 1744
183 1749
183 1750
180 1753
179 1753
178 1754
178 1755
176 1757
177 1758
177 1759
176 1760
176 1761
175 1762
174 1762
173 1761
172 1762
171 1762
168 1765
168 1766
166 1768
166 1771
151 1786
151 1787
146 1792
146 1793
143 1796
143 1797
140 1800
140 1801
137 1804
137 1805
133 1809
133 1810
129 1814
129 1815
126 1818
126 1819
125 1820
125 1821
124 1822
124 1824
121 1827
120 1827
119 1828
117 1828
115 1830
114 1830
111 1833
110 1833
108 1835
107 1835
105 1837
104 1837
99 1842
99 1847
98 1848
95 1848
95 1849
94 1850
94 1852
93 1853
93 1856
92 1857
92 1859
91 1860
91 1861
90 1862
90 1863
89 1864
89 1865
86 1868
85 1868
83 1870
82 1870
81 1871
80 1871
78 1873
78 1874
75 1877
75 1878
72 1881
71 1881
70 1882
68 1882
67 1883
66 1883
62 1887
61 1887
59 1889
58 1889
55 1892
55 1894
53 1896
52 1896
51 1897
44 1897
43 1896
42 1896
41 1895
40 1896
38 1896
34 1892
29 1892
29 1893
30 1893
31 1894
31 1895
30 1896
25 1896
24 1895
16 1895
15 1896
16 1896
18 1898
18 1899
16 1901
14 1901
13 1900
13 1897
11 1897
11 1901
10 1902
7 1902
6 1903
3 1903
2 1904
1 1904
0 1905
0 2399
1079 2399
1079 1092
1078 1093
1078 1094
1075 1097
1075 1098
1073 1100
1073 1101
1071 1103
1071 1104
1070 1105
1070 1106
1069 1107
1069 1108
1068 1109
1068 1110
1067 1111
1067 1113
1066 1114
1066 1115
1065 1116
1065 1118
1064 1119
1064 1120
1063 1121
1063 1122
1062 1123
1062 1124
1060 1126
1060 1128
1057 1131
1057 1132
1055 1134
1055 1135
1050 1140
1050 1141
1048 1143
1048 1144
1044 1148
1044 1149
1037 1156
1036 1156
1033 1159
1032 1159
1031 1160
1030 1160
1029 1161
1028 1161
1026 1163
1025 1163
1024 1164
1023 1164
1022 1165
1021 1165
1020 1166
1019 1166
1018 1167
1017 1167
1016 1168
1015 1168
1014 1169
1013 1169
1010 1172
1009 1172
994 1187
993 1187
991 1189
990 1189
990 1190
989 1191
988 1191
984 1195
983 1195
981 1197
980 1197
979 1198
978 1198
974 1202
973 1202
967 1208
966 1208
965 1209
963 1209
962 1210
961 1210
959 1212
958 1212
957 1213
957 1214
956 1215
953 1212
952 1212
949 1209
949 1208
945 1204
944 1204
933 1193
932 1193
928 1189
927 1189
924 1186
923 1186
921 1184
920 1184
912 1176
911 1176
908 1173
907 1173
904 1170
903 1170
895 1162
894 1162
889 1157
888 1157
882 1151
881 1151
877 1147
876 1147
872 1143
871 1143
866 1138
865 1138
862 1135
861 1135
858 1132
857 1132
853 1128
852 1128
849 1125
848 1125
846 1123
845 1123
843 1121
842 1121
840 1119
839 1119
837 1117
836 1117
831 1112
830 1112
827 1109
826 1109
824 1107
823 1107
820 1104
819 1104
817 1102
816 1102
814 1100
813 1100
810 1097
809 1097
804 1092
803 1092
791 1080
790 1080
778 1068
778 1067
775 1064
775 1063
764 1052
764 1051
763 1050
763 1049
762 1049
761 1048
761 1047
760 1046
760 1045
764 1041
765 1041
766 1040
768 1040
769 1039
771 1039
772 1038
773 1038
774 1037
775 1037
776 1036
777 1036
780 1033
780 1032
781 1031
781 1029
782 1028
782 1026
783 1025
783 1023
784 1022
784 1021
785 1020
786 1021
790 1021
790 1020
792 1018
793 1018
795 1016
795 1015
796 1014
796 1011
802 1005
803 1005
804 1004
804 1003
807 1000
807 999
808 998
808 996
809 995
809 992
810 991
811 991
811 989
810 988
810 987
809 986
809 981
812 978
812 977
813 976
813 972
814 971
814 969
816 967
816 964
817 963
817 961
818 960
820 960
820 956
821 955
823 955
824 956
824 955
822 953
821 953
820 952
820 951
821 950
823 950
824 949
820 945
820 941
821 940
823 940
824 939
825 939
825 938
826 937
826 936
827 935
825 933
825 932
824 931
824 929
823 929
823 932
822 933
821 933
824 933
825 934
823 936
822 936
821 935
820 936
818 936
817 935
817 934
818 933
819 933
819 930
820 929
820 928
819 929
818 929
817 930
814 927
814 925
813 924
813 923
812 922
812 919
814 917
814 915
816 913
815 912
817 910
817 909
815 907
815 905
814 904
814 902
813 901
813 900
812 899
811 899
810 900
806 900
805 899
804 899
802 897
801 897
800 896
797 896
795 894
796 893
796 892
797 891
796 891
795 890
795 889
794 888
794 887
792 885
792 877
793 876
790 873
790 872
791 871
791 869
790 868
790 867
788 865
787 865
786 864
784 864
783 865
782 864
782 861
781 860
781 859
780 858
779 858
778 857
778 854
776 854
775 853
774 854
768 854
767 853
767 851
766 850
766 849
764 847
762 847
761 846
760 846
759 847
758 847
755 844
753 844
752 845
751 844
746 844
745 843
745 842
744 841
743 841
742 840
739 840
735 836
735 835
734 835
733 834
733 833
731 831
728 831
727 830
726 830

