1073 1766
1072 1767
1067 1767
1066 1768
1062 1768
1061 1769
1059 1769
1058 1770
1056 1770
1055 1771
1054 1771
1053 1772
1052 1772
1051 1773
1050 1773
1049 1774
1048 1774
1047 1775
1046 1775
1045 1776
1044 1776
1041 1779
1040 1779
1036 1783
1035 1783
1030 1788
1029 1788
1025 1792
1024 1792
1021 1795
1020 1795
1005 1810
1005 1811
1003 1813
1003 1814
1001 1816
1001 1818
1000 1819
1000 1820
999 1821
999 1822
998 1823
998 1825
997 1826
997 1827
996 1828
996 1833
995 1834
995 1836
994 1837
994 1839
993 1840
993 1842
992 1843
992 1847
991 1848
991 1851
992 1852
992 1856
993 1857
993 1863
994 1864
994 1873
995 1874
995 1885
996 1886
996 1890
997 1891
997 1899
998 1900
998 1905
999 1906
999 1910
1000 1911
1000 1912
1001 1913
1001 1917
1002 1918
1002 1921
1003 1922
1003 1923
1004 1924
1004 1927
1005 1928
1005 1931
1006 1932
1006 1934
1008 1936
1008 1937
1009 1938
1009 1941
1010 1942
1010 1944
1011 1945
1011 1946
1013 1948
1013 1949
1015 1951
1015 1952
1016 1953
1016 1955
1018 1957
1018 1958
1020 1960
1020 1961
1021 1962
1021 1963
1022 1964
1022 1965
1024 1967
1024 1968
1030 1974
1030 1975
1036 1981
1037 1981
1043 1987
1044 1987
1046 1989
1047 1989
1048 1990
1049 1990
1053 1994
1054 1994
1055 1995
1056 1995
1057 1996
1058 1996
1061 1999
1062 1999
1064 2001
1065 2001
1066 2002
1067 2002
1069 2004
1070 2004
1073 2007
1074 2007
1075 2008
1077 2008
1078 2009
1079 2009
1079 1766

300 529
299 530
299 531
298 532
297 532
296 533
297 533
298 534
298 535
299 536
298 537
297 537
297 538
295 540
295 541
294 542
294 543
292 545
291 545
291 546
290 547
290 548
286 552
286 553
284 555
283 555
280 558
280 559
279 560
279 561
276 564
276 565
275 566
275 567
270 572
270 574
268 576
269 577
270 577
271 576
271 574
272 573
272 572
275 569
276 569
276 568
284 560
284 559
286 557
286 556
288 554
288 553
290 551
290 550
291 549
291 548
293 546
293 545
294 544
294 543
295 542
295 541
298 538
299 538
300 539
300 544
301 545
301 547
302 548
301 549
301 550
302 551
302 553
303 554
303 557
304 558
304 563
305 564
305 566
306 567
306 568
307 569
307 571
308 572
308 575
309 576
309 577
307 579
305 579
307 579
308 578
309 578
311 580
311 581
313 583
313 584
314 585
314 586
316 588
318 588
319 589
319 590
320 591
320 592
321 592
324 595
325 595
326 596
326 597
327 597
328 598
329 598
332 601
332 604
331 605
327 605
326 604
326 603
325 603
324 604
324 605
323 606
323 607
322 608
320 608
319 609
316 609
315 608
315 607
314 607
312 609
311 608
307 608
308 609
314 609
315 610
313 612
313 613
310 616
308 616
307 617
307 618
306 619
303 619
302 620
301 620
300 621
298 621
297 622
296 622
295 621
294 621
293 622
286 622
285 623
284 622
281 622
281 623
280 624
279 624
279 625
283 625
284 626
283 627
281 627
280 628
278 628
277 629
277 631
278 631
279 632
279 633
278 634
277 634
276 635
273 635
272 634
271 635
270 634
270 633
272 631
268 631
267 632
263 632
262 633
261 632
260 632
258 630
258 629
257 628
257 627
256 626
256 625
253 622
253 621
252 622
251 622
250 621
249 621
247 619
242 619
241 618
242 617
243 617
243 616
242 616
241 617
240 617
239 616
239 614
238 614
238 615
239 616
238 617
234 617
233 616
235 614
226 614
225 613
223 615
222 614
221 615
220 614
217 614
215 612
215 611
214 610
214 609
211 606
211 605
212 604
212 602
211 601
211 600
212 599
211 598
207 598
206 597
202 597
201 596
202 595
197 595
197 597
196 598
195 598
194 597
194 596
194 598
193 599
192 598
191 598
190 599
190 600
189 601
186 601
185 600
185 598
182 598
182 599
181 600
180 599
180 598
178 596
175 596
173 594
172 594
171 593
170 593
169 594
167 594
166 593
166 592
164 592
163 593
162 592
161 592
159 594
158 594
157 593
157 591
156 590
157 589
156 588
157 589
155 591
154 590
154 589
153 590
151 590
147 586
147 584
146 583
146 581
145 580
145 583
144 584
143 583
142 583
141 582
141 583
140 584
139 583
139 581
138 581
137 580
137 582
138 583
138 585
137 586
136 585
135 585
134 584
134 583
132 583
132 584
133 585
133 588
132 589
130 587
130 585
129 584
127 584
126 583
125 583
123 581
123 580
122 580
121 579
120 579
119 578
119 577
118 577
119 578
119 580
116 583
115 583
114 582
114 581
115 580
116 580
115 579
116 578
115 579
113 579
111 577
111 576
109 574
109 571
111 569
108 566
107 567
105 565
105 566
104 567
104 568
106 570
104 572
103 572
102 571
101 571
100 570
100 569
98 569
96 567
96 566
95 567
94 567
93 566
92 566
91 565
90 565
88 563
88 562
87 561
85 561
84 560
80 560
79 561
77 561
75 559
74 559
73 558
74 557
74 556
70 556
69 555
68 555
67 554
64 554
63 553
60 553
59 552
58 553
57 552
54 552
53 553
45 553
44 554
43 554
42 553
37 553
36 552
35 552
35 553
37 555
36 556
35 556
32 559
29 559
28 560
11 560
9 562
8 561
7 561
6 560
0 560
0 631
1 632
1 633
0 634
0 1601
0 1600
1 1599
2 1600
3 1600
6 1597
5 1596
6 1595
5 1594
6 1593
6 1592
7 1591
7 1590
6 1589
7 1588
7 1587
8 1586
8 1585
9 1584
11 1584
12 1583
12 1582
14 1580
14 1579
15 1578
15 1577
16 1576
16 1575
15 1574
17 1572
18 1573
18 1570
20 1568
21 1569
23 1567
24 1567
24 1564
28 1560
29 1560
29 1559
30 1558
32 1558
33 1559
35 1557
36 1557
37 1558
37 1559
36 1560
38 1558
39 1559
39 1561
38 1562
39 1562
39 1561
41 1559
42 1560
41 1559
41 1558
42 1557
43 1557
44 1556
44 1554
48 1550
48 1549
49 1548
50 1548
50 1547
51 1546
52 1546
55 1543
55 1542
57 1540
57 1539
59 1537
59 1534
60 1533
60 1532
61 1531
61 1530
62 1529
62 1526
63 1525
64 1526
64 1524
65 1523
65 1520
69 1516
69 1514
70 1513
70 1512
71 1511
71 1510
73 1508
73 1507
76 1504
76 1503
78 1501
78 1500
80 1498
80 1497
84 1493
85 1493
85 1492
86 1491
87 1491
88 1492
87 1493
87 1494
88 1493
88 1492
91 1489
91 1488
93 1486
91 1486
90 1485
91 1484
91 1483
92 1482
92 1481
94 1479
94 1477
95 1476
96 1476
96 1475
100 1471
101 1472
101 1471
104 1468
104 1466
105 1465
105 1463
106 1462
106 1460
107 1459
107 1457
108 1456
108 1453
111 1450
111 1449
112 1448
113 1448
116 1445
116 1443
117 1442
117 1441
118 1440
118 1439
121 1436
121 1435
123 1433
123 1432
126 1429
126 1427
127 1426
128 1427
128 1425
129 1424
134 1424
135 1425
136 1425
142 1431
142 1434
144 1436
144 1437
145 1438
145 1439
146 1440
146 1442
148 1444
149 1444
150 1443
153 1443
156 1446
156 1447
157 1448
157 1452
158 1453
158 1456
159 1457
159 1458
160 1459
160 1460
164 1464
164 1465
165 1466
165 1467
166 1468
166 1469
167 1470
167 1471
168 1472
168 1474
170 1476
170 1477
171 1478
171 1479
172 1480
172 1481
173 1482
173 1484
174 1485
174 1487
175 1488
175 1491
176 1492
176 1494
177 1495
177 1497
178 1498
178 1500
179 1501
179 1502
180 1503
180 1504
181 1505
181 1506
183 1508
183 1510
184 1511
184 1513
185 1514
185 1515
186 1516
186 1518
188 1520
188 1521
190 1523
190 1525
191 1526
191 1527
192 1528
192 1529
193 1530
193 1532
194 1533
194 1537
195 1538
195 1540
196 1541
196 1542
197 1543
197 1544
198 1545
198 1546
199 1547
199 1548
200 1549
200 1550
201 1551
201 1553
203 1555
203 1556
204 1557
204 1559
205 1560
205 1561
206 1562
206 1564
207 1565
207 1568
208 1569
208 1571
209 1572
209 1573
210 1574
210 1575
212 1577
212 1579
213 1580
213 1581
214 1582
214 1584
215 1585
215 1587
216 1588
216 1589
217 1590
217 1591
218 1592
218 1594
219 1595
219 1596
220 1597
220 1598
221 1599
221 1600
222 1601
222 1602
223 1603
223 1604
225 1606
225 1607
227 1609
227 1610
230 1613
230 1614
231 1615
231 1616
232 1617
232 1618
234 1620
234 1621
236 1623
236 1624
240 1628
240 1629
241 1630
240 1631
240 1645
241 1646
241 1653
242 1654
242 1657
241 1658
241 1662
240 1663
240 1664
239 1665
239 1688
238 1689
238 1690
237 1691
237 1692
236 1693
236 1694
235 1695
235 1696
234 1697
234 1698
233 1699
233 1701
232 1702
232 1703
231 1704
231 1706
230 1707
230 1708
229 1709
229 1710
228 1711
228 1713
227 1714
227 1722
228 1723
228 1725
229 1726
229 1728
230 1729
228 1731
228 1732
226 1734
225 1734
224 1735
223 1735
222 1736
220 1736
210 1746
210 1747
209 1748
209 1750
208 1751
208 1753
207 1754
207 1759
206 1760
206 1762
205 1763
205 1766
204 1767
204 1770
203 1771
203 1773
202 1774
202 1775
200 1777
200 1778
198 1780
198 1781
197 1782
198 1783
198 1784
200 1786
200 1787
201 1788
201 1800
202 1801
202 1803
206 1807
206 1809
198 1817
197 1817
194 1820
194 1821
192 1823
192 1824
189 1827
189 1828
188 1829
188 1830
186 1832
186 1833
185 1834
185 1835
184 1836
184 1837
182 1839
182 1840
180 1842
180 1843
178 1845
178 1846
177 1847
177 1848
175 1850
175 1851
174 1852
174 1853
173 1854
173 1855
169 1859
169 1860
166 1863
166 1864
165 1865
165 1866
164 1867
164 1868
163 1869
163 1871
162 1872
162 1873
161 1874
161 1875
160 1876
160 1877
158 1879
158 1885
159 1886
159 1887
160 1888
160 1889
158 1891
156 1891
155 1892
152 1892
151 1893
147 1893
146 1894
145 1894
144 1895
143 1895
142 1896
141 1896
134 1903
134 1904
132 1906
132 1907
130 1909
130 1911
129 1912
129 1913
128 1914
128 1917
127 1918
127 1921
126 1922
126 1924
125 1925
125 1926
124 1927
124 1929
123 1930
123 1931
122 1932
122 1933
120 1935
120 1936
118 1938
118 1939
116 1941
116 1942
114 1944
114 1945
110 1949
110 1950
106 1954
106 1955
102 1959
101 1959
101 1960
95 1966
95 1967
93 1969
92 1969
92 1970
90 1972
90 1973
89 1974
89 1975
88 1976
88 1977
87 1978
87 1979
86 1980
86 1981
85 1982
85 1984
84 1985
84 1986
83 1987
83 1989
82 1990
82 1991
81 1992
81 1993
80 1994
80 1996
79 1997
79 1998
78 1999
78 2001
77 2002
77 2003
76 2004
76 2005
75 2006
75 2008
74 2009
74 2010
73 2011
73 2013
72 2014
72 2015
71 2016
71 2017
70 2018
70 2019
69 2020
69 2021
67 2023
67 2024
52 2039
52 2040
49 2043
49 2044
47 2046
47 2047
46 2048
46 2049
45 2050
45 2051
44 2052
44 2053
43 2054
43 2055
42 2056
42 2057
41 2058
41 2059
40 2060
40 2061
39 2062
39 2063
38 2064
38 2065
36 2067
36 2068
35 2069
35 2070
33 2072
33 2073
32 2074
32 2075
30 2077
30 2078
28 2080
28 2081
27 2082
27 2083
25 2085
25 2086
23 2088
23 2089
21 2091
21 2092
18 2095
18 2096
16 2098
16 2099
14 2101
14 2102
12 2104
12 2105
11 2106
11 2107
9 2109
9 2110
7 2112
7 2113
5 2115
5 2116
2 2119
2 2120
0 2122
0 2399
240 2399
240 2398
241 2397
241 2395
242 2394
242 2392
243 2391
243 2390
244 2389
244 2387
245 2386
245 2384
246 2383
246 2382
247 2381
247 2380
248 2379
248 2378
249 2377
249 2376
250 2375
250 2374
251 2373
251 2372
252 2371
252 2370
253 2369
253 2367
254 2366
254 2365
255 2364
255 2363
256 2362
256 2361
257 2360
257 2359
258 2358
258 2356
259 2355
259 2354
260 2353
260 2352
261 2351
261 2350
262 2349
262 2348
263 2347
263 2346
264 2345
264 2344
265 2343
265 2342
266 2341
266 2340
267 2339
267 2338
268 2337
268 2336
269 2335
269 2334
270 2333
270 2332
271 2331
271 2330
272 2329
272 2328
273 2327
273 2326
274 2325
274 2324
275 2323
275 2322
276 2321
276 2320
277 2319
277 2318
278 2317
278 2316
279 2315
279 2314
280 2313
280 2312
281 2311
281 2310
282 2309
282 2308
283 2307
283 2306
284 2305
284 2304
285 2303
285 2302
286 2301
286 2300
287 2299
287 2298
288 2297
288 2296
289 2295
289 2294
290 2293
290 2292
291 2291
291 2290
292 2289
292 2288
293 2287
293 2286
294 2285
294 2284
296 2282
296 2281
297 2280
297 2279
298 2278
298 2277
299 2276
299 2275
300 2274
300 2273
301 2272
301 2271
302 2270
302 2269
304 2267
304 2266
305 2265
305 2263
306 2262
306 2261
308 2259
308 2258
309 2257
309 2256
310 2255
310 2254
311 2253
311 2252
312 2251
312 2250
314 2248
314 2247
315 2246
315 2245
316 2244
316 2243
317 2242
317 2241
318 2240
318 2239
319 2238
319 2237
320 2236
320 2235
322 2233
322 2232
323 2231
323 2230
324 2229
324 2228
326 2226
326 2225
327 2224
327 2223
328 2222
328 2221
329 2220
329 2219
330 2218
330 2217
331 2216
331 2215
332 2214
332 2213
333 2212
333 2211
335 2209
335 2208
336 2207
336 2206
338 2204
338 2203
339 2202
339 2201
340 2200
340 2199
341 2198
341 2197
343 2195
343 2193
345 2191
345 2190
346 2189
346 2188
347 2187
347 2186
349 2184
349 2183
350 2182
350 2181
351 2180
351 2179
352 2178
352 2177
353 2176
353 2175
355 2173
355 2172
356 2171
356 2170
358 2168
358 2167
359 2166
359 2165
360 2164
360 2163
362 2161
362 2160
363 2159
363 2158
364 2157
364 2156
366 2154
366 2153
367 2152
367 2151
368 2150
368 2149
370 2147
370 2146
371 2145
371 2144
373 2142
373 2141
374 2140
374 2139
375 2138
375 2137
377 2135
377 2134
379 2132
379 2131
380 2130
380 2129
381 2128
381 2127
383 2125
383 2124
384 2123
384 2122
385 2121
385 2120
386 2119
386 2118
388 2116
388 2115
389 2114
389 2113
391 2111
391 2110
393 2108
393 2107
394 2106
394 2105
395 2104
395 2103
397 2101
397 2100
398 2099
398 2098
400 2096
400 2095
402 2093
402 2092
403 2091
403 2090
404 2089
404 2088
406 2086
406 2085
408 2083
408 2082
410 2080
410 2079
412 2077
412 2076
413 2075
413 2074
415 2072
415 2071
417 2069
417 2068
419 2066
419 2065
421 2063
421 2062
424 2059
424 2058
425 2057
425 2056
427 2054
427 2053
429 2051
429 2050
431 2048
431 2047
433 2045
433 2044
435 2042
435 2041
439 2037
439 2036
444 2031
445 2031
446 2030
447 2030
448 2029
449 2029
453 2025
454 2025
458 2021
459 2021
460 2020
461 2020
462 2019
464 2019
465 2018
468 2018
471 2021
471 2022
472 2023
472 2024
474 2026
474 2027
475 2028
475 2029
477 2031
477 2032
480 2035
480 2036
483 2039
483 2040
493 2050
494 2050
515 2071
515 2072
516 2073
516 2074
517 2075
517 2077
518 2078
518 2079
519 2080
519 2081
520 2082
520 2084
521 2085
521 2086
522 2087
522 2088
523 2089
523 2091
524 2092
524 2093
525 2094
525 2095
526 2096
526 2098
527 2099
527 2100
528 2101
528 2102
529 2103
529 2105
530 2106
530 2107
531 2108
531 2109
532 2110
532 2111
533 2112
533 2114
534 2115
534 2117
535 2118
535 2119
536 2120
536 2121
537 2122
537 2124
538 2125
538 2126
539 2127
539 2128
540 2129
540 2131
541 2132
541 2133
542 2134
542 2135
543 2136
543 2137
544 2138
544 2139
545 2140
545 2141
546 2142
546 2144
547 2145
547 2146
548 2147
548 2148
549 2149
549 2150
550 2151
550 2152
551 2153
551 2154
552 2155
552 2156
553 2157
553 2158
554 2159
554 2161
555 2162
555 2163
556 2164
556 2166
557 2167
557 2168
558 2169
558 2170
559 2171
559 2173
560 2174
560 2176
561 2177
561 2178
562 2179
562 2181
563 2182
563 2183
564 2184
564 2185
565 2186
565 2187
566 2188
566 2190
567 2191
567 2192
568 2193
568 2194
569 2195
569 2197
570 2198
570 2199
571 2200
571 2201
572 2202
572 2204
573 2205
573 2206
574 2207
574 2209
575 2210
575 2211
576 2212
576 2213
577 2214
577 2216
578 2217
578 2218
579 2219
579 2220
580 2221
580 2222
581 2223
581 2224
582 2225
582 2227
583 2228
583 2229
584 2230
584 2232
585 2233
585 2234
586 2235
586 2236
587 2237
587 2238
588 2239
588 2240
589 2241
589 2243
590 2244
590 2245
591 2246
591 2247
592 2248
592 2250
593 2251
593 2253
594 2254
594 2256
595 2257
595 2258
596 2259
596 2261
597 2262
597 2264
598 2265
598 2266
599 2267
599 2268
600 2269
600 2271
601 2272
601 2274
602 2275
602 2277
603 2278
603 2280
604 2281
604 2283
605 2284
605 2287
606 2288
606 2290
607 2291
607 2294
608 2295
608 2299
609 2300
609 2304
610 2305
610 2308
611 2309
611 2314
612 2315
612 2319
613 2320
613 2325
614 2326
614 2333
615 2334
615 2340
616 2341
616 2353
617 2354
617 2363
618 2364
618 2374
619 2375
619 2387
620 2388
620 2399
939 2399
939 2397
938 2396
938 2393
937 2392
937 2389
936 2388
936 2384
935 2383
935 2380
934 2379
934 2376
933 2375
933 2372
932 2371
932 2366
931 2365
931 2362
930 2361
930 2357
929 2356
929 2353
928 2352
928 2348
927 2347
927 2343
926 2342
926 2338
925 2337
925 2334
924 2333
924 2328
923 2327
923 2324
922 2323
922 2319
921 2318
921 2313
920 2312
920 2307
919 2306
919 2303
918 2302
918 2300
917 2299
917 2295
916 2294
916 2291
915 2290
915 2287
914 2286
914 2283
913 2282
913 2279
912 2278
912 2275
911 2274
911 2271
910 2270
910 2267
909 2266
909 2263
908 2262
908 2259
907 2258
907 2255
906 2254
906 2251
905 2250
905 2247
904 2246
904 2242
903 2241
903 2239
902 2238
902 2234
901 2233
901 2230
900 2229
900 2225
899 2224
899 2221
898 2220
898 2217
897 2216
897 2213
896 2212
896 2210
895 2209
895 2205
894 2204
894 2201
893 2200
893 2197
892 2196
892 2194
891 2193
891 2190
890 2189
890 2186
889 2185
889 2182
888 2181
888 2179
887 2178
887 2176
886 2175
886 2173
885 2172
885 2169
884 2168
884 2165
883 2164
883 2162
882 2161
882 2159
881 2158
881 2155
880 2154
880 2152
879 2151
879 2149
878 2148
878 2146
877 2145
877 2143
876 2142
876 2139
875 2138
875 2136
874 2135
874 2133
873 2132
873 2130
872 2129
872 2126
871 2125
871 2123
870 2122
870 2121
869 2120
869 2118
868 2117
868 2115
867 2114
867 2112
866 2111
866 2109
865 2108
865 2106
864 2105
864 2102
863 2101
863 2100
862 2099
862 2097
861 2096
861 2094
860 2093
860 2092
859 2091
859 2089
858 2088
858 2086
857 2085
857 2083
856 2082
856 2081
855 2080
855 2078
854 2077
854 2076
853 2075
853 2073
852 2072
852 2070
851 2069
851 2068
850 2067
850 2065
849 2064
849 2063
848 2062
848 2060
847 2059
847 2057
846 2056
846 2055
845 2054
845 2052
844 2051
844 2049
843 2048
843 2046
842 2045
842 2043
841 2042
841 2041
840 2040
840 2038
839 2037
839 2036
838 2035
838 2033
837 2032
837 2030
836 2029
836 2027
835 2026
835 2024
834 2023
834 2020
833 2019
833 2016
832 2015
832 2011
831 2010
831 2007
830 2006
830 2002
829 2001
829 1999
828 1998
828 1995
827 1994
827 1992
826 1991
826 1989
825 1988
825 1986
824 1985
824 1983
823 1982
823 1980
822 1979
822 1976
821 1975
821 1973
820 1972
820 1971
819 1970
819 1969
818 1968
818 1967
817 1966
817 1965
816 1964
816 1963
814 1961
814 1960
812 1958
812 1957
811 1956
811 1955
810 1954
810 1953
809 1952
809 1951
808 1950
808 1949
807 1948
807 1947
806 1946
806 1944
805 1943
805 1941
804 1940
804 1939
803 1938
803 1934
802 1933
802 1920
801 1919
801 1918
800 1917
800 1915
798 1913
798 1912
795 1909
795 1907
794 1906
794 1905
793 1904
793 1903
791 1901
791 1900
790 1899
790 1897
789 1896
789 1894
788 1893
788 1892
787 1891
787 1890
786 1889
786 1888
785 1887
785 1885
784 1884
784 1883
783 1882
783 1877
782 1876
782 1870
781 1869
781 1866
780 1865
780 1863
779 1862
779 1861
778 1860
778 1859
775 1856
775 1855
773 1853
773 1852
772 1851
772 1850
771 1849
771 1848
770 1847
770 1846
768 1844
768 1843
766 1841
766 1840
764 1838
764 1837
761 1834
761 1833
757 1829
757 1828
756 1827
756 1826
755 1825
755 1823
754 1822
754 1821
753 1820
753 1819
752 1818
752 1817
751 1816
751 1815
750 1814
750 1812
749 1811
749 1810
748 1809
748 1808
747 1807
747 1805
745 1803
745 1801
744 1800
744 1799
743 1798
743 1797
742 1796
742 1795
741 1794
741 1793
740 1792
740 1791
738 1789
738 1788
737 1787
737 1786
736 1785
736 1784
735 1783
735 1782
734 1781
734 1780
733 1779
733 1778
732 1777
732 1776
731 1775
731 1774
730 1773
730 1771
729 1770
729 1769
728 1768
728 1767
727 1766
727 1765
726 1764
726 1763
725 1762
725 1760
724 1759
724 1755
723 1754
723 1752
722 1751
722 1749
721 1748
721 1745
720 1744
720 1739
719 1738
719 1736
718 1735
718 1731
719 1730
719 1716
718 1715
718 1713
717 1712
717 1710
716 1709
716 1708
715 1707
715 1706
714 1705
714 1704
712 1702
712 1701
709 1698
709 1697
701 1689
700 1689
693 1682
693 1679
692 1678
692 1676
691 1675
691 1674
690 1673
690 1672
689 1671
689 1670
688 1669
687 1669
686 1668
685 1668
683 1666
683 1665
679 1661
678 1661
677 1660
677 1659
676 1658
676 1653
675 1652
675 1650
674 1649
674 1648
673 1647
673 1646
671 1644
671 1642
670 1641
670 1639
669 1638
669 1637
667 1635
667 1632
666 1631
666 1629
667 1628
668 1628
669 1627
669 1619
668 1618
668 1611
667 1610
667 1607
666 1606
666 1605
665 1604
665 1603
664 1602
664 1598
663 1597
663 1596
662 1595
662 1593
661 1592
661 1590
660 1589
660 1588
658 1586
658 1582
657 1581
657 1579
656 1578
656 1569
655 1568
655 1565
654 1564
654 1562
653 1561
653 1560
651 1558
651 1557
645 1551
645 1550
639 1544
639 1543
638 1542
638 1541
637 1540
637 1539
636 1538
636 1537
634 1535
634 1534
633 1533
633 1531
632 1530
632 1528
630 1526
630 1525
629 1524
629 1523
628 1522
628 1519
629 1518
629 1517
630 1516
630 1515
631 1514
631 1513
633 1511
633 1510
634 1509
634 1508
635 1507
635 1506
636 1505
636 1504
637 1503
637 1502
638 1501
638 1500
639 1499
639 1498
640 1497
640 1496
641 1495
641 1494
642 1493
642 1491
643 1490
643 1489
644 1488
644 1486
645 1485
645 1484
647 1482
647 1481
648 1480
648 1479
649 1478
649 1476
650 1475
650 1474
651 1473
651 1472
653 1470
653 1469
654 1468
654 1467
655 1466
655 1465
656 1464
656 1463
657 1462
657 1461
658 1460
658 1459
659 1458
659 1457
660 1456
660 1455
661 1454
661 1452
662 1451
662 1450
663 1449
663 1448
664 1447
664 1446
665 1445
665 1444
669 1440
669 1439
672 1436
672 1435
677 1430
677 1429
678 1428
678 1426
679 1425
679 1423
680 1422
680 1420
681 1419
681 1418
682 1417
682 1415
683 1414
683 1413
684 1412
684 1411
685 1410
685 1409
686 1408
686 1407
689 1404
689 1403
694 1398
694 1397
697 1394
698 1394
699 1393
700 1393
701 1392
702 1392
703 1391
704 1391
705 1390
706 1390
707 1389
708 1389
709 1388
710 1388
711 1387
713 1387
714 1386
715 1386
716 1385
718 1385
719 1384
720 1384
721 1383
723 1383
724 1382
727 1382
728 1381
730 1381
731 1380
733 1380
734 1379
736 1379
737 1378
738 1378
739 1377
740 1377
741 1376
743 1376
744 1375
758 1375
759 1376
764 1376
765 1377
769 1377
770 1378
774 1378
775 1379
778 1379
779 1380
781 1380
782 1381
785 1381
786 1382
788 1382
789 1383
791 1383
792 1384
795 1384
796 1385
798 1385
799 1386
801 1386
802 1387
803 1387
804 1388
806 1388
807 1389
809 1389
810 1390
812 1390
813 1391
815 1391
816 1392
817 1392
818 1393
819 1393
820 1394
822 1394
823 1395
825 1395
826 1396
827 1396
828 1397
829 1397
830 1398
832 1398
833 1399
834 1399
835 1400
836 1400
837 1401
839 1401
840 1402
842 1402
843 1403
844 1403
845 1404
847 1404
848 1405
849 1405
850 1406
852 1406
853 1407
854 1407
855 1408
856 1408
857 1409
859 1409
860 1410
861 1410
862 1411
864 1411
865 1412
866 1412
867 1413
869 1413
870 1414
871 1414
872 1415
874 1415
875 1416
877 1416
878 1417
879 1417
880 1418
881 1418
882 1419
884 1419
885 1420
887 1420
888 1421
889 1421
890 1422
892 1422
893 1423
895 1423
896 1424
897 1424
898 1425
900 1425
901 1426
903 1426
904 1427
905 1427
906 1428
908 1428
909 1429
910 1429
911 1430
913 1430
914 1431
916 1431
917 1432
918 1432
919 1433
921 1433
922 1434
924 1434
925 1435
926 1435
927 1436
929 1436
930 1437
932 1437
933 1438
935 1438
936 1439
937 1439
938 1440
939 1440
940 1441
942 1441
943 1442
945 1442
946 1443
948 1443
949 1444
951 1444
952 1445
954 1445
955 1446
956 1446
957 1447
960 1447
961 1448
962 1448
963 1449
965 1449
966 1450
968 1450
969 1451
972 1451
973 1452
974 1452
975 1453
976 1453
977 1454
980 1454
981 1455
982 1455
983 1456
985 1456
986 1457
988 1457
989 1458
991 1458
992 1459
994 1459
995 1460
997 1460
998 1461
1000 1461
1001 1462
1003 1462
1004 1463
1006 1463
1007 1464
1009 1464
1010 1465
1011 1465
1012 1466
1015 1466
1016 1467
1018 1467
1019 1468
1021 1468
1022 1469
1024 1469
1025 1470
1028 1470
1029 1471
1031 1471
1032 1472
1033 1472
1034 1473
1037 1473
1038 1474
1040 1474
1041 1475
1043 1475
1044 1476
1046 1476
1047 1477
1050 1477
1051 1478
1053 1478
1054 1479
1057 1479
1058 1480
1061 1480
1062 1481
1064 1481
1065 1482
1068 1482
1069 1483
1071 1483
1072 1484
1075 1484
1076 1485
1079 1485
1079 900
1078 899
1078 898
1077 897
1077 896
1076 895
1076 892
1075 891
1075 889
1074 888
1074 885
1073 884
1073 881
1072 880
1072 879
1071 878
1071 876
1070 875
1070 873
1069 872
1069 870
1068 869
1068 868
1067 867
1067 866
1066 865
1066 864
1065 863
1065 862
1064 861
1064 860
1063 859
1063 858
1061 856
1061 855
1059 853
1059 852
1056 849
1056 848
1052 844
1052 843
1049 840
1048 840
1044 836
1043 836
1041 834
1040 834
1039 833
1038 833
1037 832
1036 832
1035 831
1034 831
1033 830
1032 830
1031 829
1029 829
1028 828
1026 828
1025 827
1023 827
1022 826
1020 826
1019 825
1015 825
1014 824
1009 824
1008 823
1004 823
1003 822
1000 822
999 821
991 821
990 820
985 820
984 821
976 821
975 822
971 822
970 823
967 823
966 824
964 824
963 825
962 825
961 826
960 826
959 827
958 827
957 828
955 828
954 829
953 829
952 830
951 830
949 832
948 832
947 833
947 834
942 839
942 840
937 845
937 846
935 848
935 849
933 851
933 852
932 853
932 855
931 856
931 857
930 858
930 860
929 861
929 869
928 870
928 875
927 876
927 878
926 879
926 882
925 883
925 884
924 885
924 887
923 888
923 891
922 892
922 895
921 896
921 901
920 902
920 908
919 909
919 917
918 918
918 929
917 930
917 947
916 948
916 959
915 960
915 975
914 976
914 991
915 992
915 999
916 1000
916 1006
917 1007
917 1009
918 1010
918 1013
919 1014
919 1017
920 1018
920 1020
921 1021
921 1023
922 1024
922 1025
923 1026
923 1027
924 1028
924 1030
925 1031
925 1033
926 1034
926 1036
927 1037
927 1038
928 1039
928 1040
929 1041
929 1042
930 1043
930 1044
931 1045
931 1046
932 1047
932 1049
933 1050
933 1052
934 1053
934 1054
935 1055
935 1057
936 1058
936 1060
937 1061
937 1063
938 1064
938 1067
939 1068
939 1070
940 1071
940 1074
941 1075
941 1079
942 1080
942 1083
943 1084
943 1094
944 1095
944 1103
945 1104
945 1116
946 1117
946 1122
947 1123
947 1128
948 1129
948 1132
949 1133
949 1136
950 1137
950 1140
951 1141
951 1145
952 1146
952 1152
953 1153
953 1155
954 1156
954 1159
955 1160
955 1161
956 1162
956 1164
957 1165
957 1166
958 1167
958 1168
959 1169
959 1171
960 1172
960 1174
961 1175
961 1178
962 1179
962 1182
963 1183
963 1185
964 1186
964 1189
965 1190
965 1192
966 1193
966 1195
967 1196
967 1197
968 1198
968 1201
969 1202
969 1204
970 1205
970 1207
971 1208
971 1209
972 1210
972 1211
973 1212
973 1215
974 1216
974 1218
975 1219
975 1220
976 1221
976 1222
977 1223
977 1225
978 1226
978 1228
979 1229
979 1230
980 1231
980 1232
981 1233
981 1234
982 1235
982 1236
983 1237
983 1239
984 1240
984 1241
985 1242
985 1243
986 1244
986 1245
987 1246
987 1247
988 1248
988 1249
989 1250
989 1251
990 1252
990 1253
991 1254
991 1255
992 1256
992 1257
993 1258
993 1260
994 1261
994 1262
995 1263
995 1264
996 1265
996 1266
997 1267
997 1268
998 1269
998 1270
999 1271
999 1272
1001 1274
1001 1276
1002 1277
1002 1278
1004 1280
1004 1281
1005 1282
1005 1283
1006 1284
1006 1285
1007 1286
1007 1287
1008 1288
1008 1289
1009 1290
1009 1291
1010 1292
1010 1293
1011 1294
1011 1297
1012 1298
1012 1299
1011 1300
1010 1300
1009 1301
1008 1300
1005 1300
1004 1299
1002 1299
1001 1298
999 1298
998 1297
996 1297
995 1296
993 1296
992 1295
990 1295
989 1294
987 1294
986 1293
984 1293
983 1292
982 1292
981 1291
980 1291
979 1290
977 1290
976 1289
975 1289
974 1288
972 1288
971 1287
970 1287
969 1286
967 1286
966 1285
964 1285
963 1284
962 1284
961 1283
960 1283
959 1282
958 1282
957 1281
955 1281
954 1280
953 1280
952 1279
951 1279
950 1278
949 1278
948 1277
947 1277
946 1276
945 1276
944 1275
942 1275
941 1274
940 1274
939 1273
938 1273
937 1272
936 1272
935 1271
934 1271
933 1270
932 1270
931 1269
930 1269
929 1268
928 1268
927 1267
926 1267
925 1266
924 1266
923 1265
921 1265
919 1263
918 1263
917 1262
916 1262
915 1261
914 1261
913 1260
911 1260
909 1258
908 1258
907 1257
905 1257
904 1256
903 1256
902 1255
901 1255
900 1254
899 1254
898 1253
897 1253
896 1252
895 1252
894 1251
892 1251
891 1250
890 1250
889 1249
887 1249
886 1248
885 1248
884 1247
883 1247
882 1246
881 1246
880 1245
879 1245
878 1244
876 1244
875 1243
873 1243
872 1242
871 1242
870 1241
869 1241
868 1240
866 1240
865 1239
863 1239
862 1238
861 1238
860 1237
858 1237
857 1236
856 1236
855 1235
853 1235
852 1234
851 1234
850 1233
848 1233
847 1232
845 1232
844 1231
842 1231
841 1230
840 1230
839 1229
838 1229
837 1228
835 1228
834 1227
832 1227
831 1226
830 1226
829 1225
827 1225
826 1224
825 1224
824 1223
823 1223
822 1222
820 1222
819 1221
818 1221
817 1220
816 1220
814 1218
812 1218
811 1217
809 1217
808 1216
806 1216
805 1215
804 1215
801 1212
802 1211
802 1209
808 1203
809 1203
810 1202
811 1202
811 1201
813 1199
813 1197
815 1195
815 1194
816 1193
816 1192
817 1191
817 1190
818 1189
818 1188
819 1187
819 1177
818 1176
818 1172
816 1170
816 1169
812 1165
811 1165
808 1162
806 1162
805 1161
804 1161
803 1160
802 1160
801 1159
800 1159
797 1156
796 1156
791 1151
789 1151
788 1150
788 1149
787 1148
787 1147
785 1147
784 1146
784 1141
785 1140
785 1135
786 1134
786 1130
788 1128
788 1127
791 1124
792 1124
797 1119
798 1119
799 1120
799 1122
798 1123
799 1124
801 1122
798 1119
800 1117
801 1117
801 1116
803 1114
803 1113
807 1109
807 1107
808 1106
808 1104
809 1103
809 1100
810 1099
810 1096
811 1095
811 1091
810 1090
810 1088
809 1087
809 1086
808 1085
808 1084
807 1083
807 1081
803 1077
803 1076
802 1076
801 1075
801 1074
799 1072
797 1072
796 1071
795 1071
793 1069
792 1069
791 1068
785 1068
784 1067
780 1067
778 1065
778 1064
777 1063
777 1062
778 1061
776 1059
775 1060
774 1060
772 1058
772 1056
771 1055
771 1054
770 1053
770 1052
769 1051
769 1049
768 1048
768 1042
769 1041
768 1040
768 1039
767 1038
767 1036
766 1035
766 1032
765 1031
765 1026
766 1025
767 1025
768 1026
768 1028
771 1031
771 1028
770 1029
769 1028
769 1024
768 1023
768 1022
769 1021
770 1021
770 1019
772 1017
772 1016
773 1015
773 1012
775 1010
773 1012
772 1011
772 1010
773 1009
773 1008
774 1007
774 1003
775 1002
775 1000
776 999
776 998
777 997
777 994
779 992
779 985
778 984
778 983
777 982
777 980
776 979
776 978
775 977
776 976
778 976
776 976
775 975
775 974
776 973
777 974
778 973
778 971
777 970
777 968
776 967
777 966
776 965
775 966
774 965
774 964
775 963
778 963
778 962
777 962
776 963
775 962
774 963
773 963
771 961
771 958
771 960
770 961
769 960
769 958
768 957
768 956
767 955
765 957
764 957
762 955
762 954
763 953
764 954
764 953
763 953
754 944
754 942
753 941
753 940
752 940
750 938
750 933
748 931
748 929
747 928
747 927
746 926
746 925
745 924
745 920
744 919
744 918
743 917
743 914
741 912
741 911
740 910
740 909
738 907
738 905
734 901
734 900
732 898
732 897
731 896
731 895
730 894
731 893
731 892
729 890
729 889
728 888
728 885
725 882
725 881
720 876
720 878
719 879
717 877
715 877
714 876
714 875
715 874
715 873
711 869
711 866
710 865
710 858
711 857
712 857
712 856
710 854
710 852
709 852
708 853
707 852
706 852
706 853
705 854
704 854
703 853
702 853
701 852
701 851
700 850
701 849
701 848
700 847
700 846
699 845
699 844
698 843
698 841
697 840
697 839
696 838
696 835
692 831
691 831
688 828
688 827
685 824
685 823
684 822
685 821
685 819
684 818
684 817
683 816
683 811
682 811
681 810
681 809
680 808
680 806
681 805
681 804
682 803
682 799
683 798
682 797
682 794
681 793
681 789
680 788
680 787
679 786
679 785
673 779
672 779
671 778
667 778
666 777
663 777
661 775
660 775
659 776
658 776
657 777
656 776
656 775
655 775
653 773
653 771
652 770
652 769
655 766
655 759
657 757
658 757
658 755
659 754
659 752
660 751
660 749
662 747
662 746
663 745
663 742
664 741
664 734
663 733
663 730
662 729
662 727
661 727
660 726
660 724
659 723
659 722
658 721
658 720
655 717
655 716
654 716
653 715
652 715
650 713
649 713
646 710
645 710
644 709
643 709
642 708
641 709
640 709
639 708
639 707
636 707
634 705
634 700
637 697
637 694
638 693
638 692
637 691
637 685
638 684
639 684
640 683
642 683
644 681
647 681
647 680
648 679
648 678
649 677
649 676
652 673
652 671
654 669
655 669
656 670
654 672
655 672
656 673
655 674
656 673
655 672
656 671
657 671
658 670
657 669
658 668
659 668
659 664
660 663
659 662
659 660
658 660
657 659
657 657
656 656
656 655
655 655
654 654
653 655
652 655
651 654
650 654
650 655
649 656
648 655
648 653
647 653
646 654
645 654
642 651
642 650
640 650
638 648
638 646
639 645
638 644
637 644
638 645
637 646
636 646
635 645
634 645
632 643
631 643
629 641
629 640
627 638
627 639
626 640
625 639
625 637
624 636
623 636
622 637
621 636
621 635
619 635
618 634
618 633
613 633
612 634
610 632
609 632
609 633
608 634
605 631
604 631
603 630
603 631
602 632
602 633
601 634
601 635
600 636
596 632
597 631
596 630
597 629
595 631
593 629
593 627
591 627
590 626
590 625
589 624
589 621
588 622
587 622
586 621
586 620
587 619
587 617
588 616
588 611
587 611
585 609
585 608
584 607
584 604
583 604
582 603
581 603
581 604
582 605
582 606
581 607
579 605
577 605
578 606
576 608
575 607
575 602
574 602
572 600
572 599
571 598
571 597
569 597
568 596
569 595
570 595
570 594
569 593
569 591
568 590
568 584
567 583
567 576
566 575
566 571
567 570
567 569
566 568
566 567
567 566
565 564
566 565
566 566
565 567
565 568
564 569
563 568
563 565
561 563
561 562
560 561
560 560
558 558
558 557
557 556
556 556
558 558
558 559
560 561
560 562
561 563
561 566
562 567
562 568
561 569
560 568
560 570
561 571
561 573
560 574
559 573
559 577
558 578
558 583
556 585
556 586
553 589
553 591
551 593
550 593
550 594
549 595
547 595
546 596
545 595
544 595
543 594
543 591
542 590
542 589
541 588
540 589
541 589
542 590
542 593
544 595
544 598
543 599
542 598
542 597
541 597
541 598
542 598
543 599
542 600
541 600
540 601
540 602
538 604
537 604
536 605
534 605
533 604
534 603
535 603
536 602
537 602
537 600
536 600
534 602
533 601
529 605
527 603
527 600
525 600
524 599
523 600
522 600
522 601
523 602
523 604
522 605
521 605
520 606
519 605
518 605
516 603
516 600
517 599
517 598
516 598
514 596
513 596
512 595
510 595
508 597
507 596
507 595
505 593
505 590
504 589
505 590
505 591
504 592
502 592
501 593
500 593
499 592
497 592
496 591
496 588
498 586
501 586
502 585
502 584
495 584
494 585
492 585
493 585
494 586
494 587
492 589
491 589
491 590
489 592
488 592
486 594
485 594
481 598
479 598
477 596
478 595
478 593
476 593
475 594
474 594
472 596
469 596
468 597
466 597
466 598
465 599
464 599
463 600
461 600
460 599
460 598
459 599
455 599
454 600
453 600
452 599
443 599
442 598
443 597
443 596
442 596
441 597
440 597
439 596
438 596
436 594
436 593
437 592
438 592
439 591
441 591
443 589
442 589
440 591
439 591
438 590
437 590
435 592
433 592
432 591
431 591
430 590
429 590
428 589
428 587
427 587
425 585
425 584
426 583
426 582
424 584
423 583
423 581
422 580
422 576
421 575
420 575
419 574
418 574
419 575
418 576
417 576
418 576
419 575
420 576
420 578
421 579
421 580
422 581
422 582
417 587
416 586
416 585
413 582
412 582
413 583
413 586
412 587
411 587
410 586
411 585
409 583
408 583
406 581
405 582
404 582
402 580
401 581
396 576
396 574
398 572
400 572
402 570
397 570
396 571
395 571
394 570
394 571
393 572
390 572
389 571
389 570
388 570
387 569
388 568
388 567
387 568
385 566
385 564
386 563
387 564
387 563
385 563
384 562
384 561
382 563
381 562
381 561
380 561
379 560
377 560
375 558
374 558
373 557
373 555
372 556
372 557
373 558
370 561
370 562
369 563
368 563
367 562
367 560
366 560
366 561
367 562
367 563
368 564
368 565
367 566
367 567
366 568
367 569
368 568
367 567
367 566
368 565
369 565
372 568
372 569
373 570
373 571
374 572
374 573
373 574
372 573
372 577
373 578
373 584
372 585
372 588
370 590
369 590
369 591
370 592
367 595
366 594
365 594
364 595
363 595
362 596
356 596
356 597
355 598
354 598
353 599
351 599
350 598
345 598
344 597
344 598
343 599
341 599
340 600
338 600
337 599
336 599
335 598
333 598
329 594
328 594
327 593
327 592
326 591
325 591
323 589
322 589
319 586
319 585
317 583
317 582
316 581
316 580
315 579
315 578
313 576
313 574
311 572
311 570
309 568
309 566
308 565
308 561
309 560
309 557
308 556
308 560
307 561
306 560
306 559
305 558
305 556
304 555
304 549
303 548
303 541
302 540
302 537
301 536
301 530

