212 639
211 640
205 640
204 641
199 641
198 642
197 642
196 643
194 643
193 644
191 644
190 645
189 645
188 646
187 646
185 648
184 648
182 650
181 650
171 660
171 661
169 663
169 664
168 665
168 666
167 667
167 668
166 669
166 670
165 671
165 673
164 674
164 676
163 677
163 680
162 681
162 685
161 686
161 694
160 695
160 720
161 721
161 734
162 735
162 744
163 745
163 752
164 753
164 760
165 761
165 768
166 769
166 776
167 777
167 782
168 783
168 789
169 790
169 795
170 796
170 801
171 802
171 806
172 807
172 812
173 813
173 819
174 820
174 824
175 825
175 828
176 829
176 833
177 834
177 837
178 838
178 841
179 842
179 846
180 847
180 850
181 851
181 854
182 855
182 858
183 859
183 862
184 863
184 866
185 867
185 870
186 871
186 874
187 875
187 878
188 879
188 881
189 882
189 885
190 886
190 889
191 890
191 893
192 894
192 897
193 898
193 901
194 902
194 905
195 906
195 908
196 909
196 911
197 912
197 915
198 916
198 918
199 919
199 921
200 922
200 923
201 924
201 926
202 927
202 928
203 929
203 930
204 931
204 933
205 934
205 936
206 937
206 945
205 946
205 951
204 952
204 957
205 958
205 966
204 967
204 970
203 971
203 973
202 974
202 976
201 977
201 979
202 980
202 983
203 984
203 987
204 988
204 989
206 991
206 992
207 993
207 994
209 996
209 997
210 997
211 998
211 999
210 1000
212 1002
212 1003
213 1004
213 1005
216 1008
216 1010
217 1011
218 1011
219 1012
219 1015
220 1016
220 1018
219 1019
219 1020
218 1021
217 1021
216 1022
211 1022
210 1021
208 1021
207 1020
206 1020
205 1019
204 1019
203 1018
202 1018
201 1017
200 1017
199 1016
196 1016
195 1015
193 1015
192 1014
186 1014
185 1013
184 1013
183 1012
174 1012
173 1011
168 1011
167 1010
160 1010
159 1009
152 1009
151 1008
146 1008
145 1007
136 1007
135 1006
132 1006
131 1007
130 1007
129 1006
129 1005
128 1005
127 1006
126 1005
125 1005
124 1004
122 1004
121 1003
115 1003
112 1000
111 1000
111 1001
110 1002
109 1001
109 1000
108 1000
107 999
105 999
104 1000
103 999
103 997
100 997
102 999
103 999
104 1000
102 1002
101 1001
99 1001
99 1002
102 1002
104 1004
107 1004
109 1006
109 1007
115 1007
116 1008
117 1007
120 1007
121 1008
122 1007
123 1008
125 1008
126 1007
127 1008
128 1008
129 1009
128 1010
127 1010
126 1011
124 1011
123 1010
120 1010
121 1011
121 1012
122 1012
123 1011
124 1011
125 1012
125 1014
137 1014
138 1013
139 1013
140 1014
145 1014
146 1015
150 1015
151 1016
158 1016
159 1017
161 1017
162 1018
166 1018
167 1019
170 1019
171 1020
174 1020
175 1021
177 1021
178 1022
180 1022
181 1023
184 1023
185 1024
187 1024
188 1025
190 1025
191 1026
193 1026
194 1027
195 1027
196 1028
200 1028
201 1029
203 1029
204 1030
207 1030
208 1031
210 1031
212 1033
213 1033
216 1036
217 1036
218 1037
219 1037
220 1038
221 1037
223 1037
225 1039
225 1052
226 1053
226 1058
225 1059
225 1064
226 1065
225 1066
221 1066
221 1067
222 1066
223 1067
224 1067
225 1066
226 1067
226 1068
225 1069
218 1069
217 1070
210 1070
209 1071
202 1071
201 1072
194 1072
193 1073
187 1073
186 1074
180 1074
179 1075
172 1075
171 1076
165 1076
164 1077
157 1077
156 1078
149 1078
148 1079
140 1079
139 1080
137 1080
135 1078
134 1079
133 1079
131 1081
130 1080
129 1080
128 1081
126 1081
125 1080
124 1080
123 1079
122 1079
121 1080
120 1080
119 1081
116 1081
115 1080
114 1080
114 1081
113 1082
108 1082
107 1083
104 1083
103 1082
104 1081
104 1080
102 1078
101 1078
100 1077
100 1076
101 1075
100 1075
98 1077
100 1077
101 1078
101 1080
100 1081
99 1080
99 1079
98 1079
97 1080
95 1080
95 1082
94 1083
93 1083
92 1082
92 1081
91 1081
90 1082
89 1082
88 1083
80 1083
79 1082
80 1081
80 1080
78 1078
76 1078
75 1077
75 1075
74 1075
73 1076
72 1075
72 1074
71 1074
71 1075
72 1076
71 1077
71 1078
72 1079
72 1082
70 1084
69 1083
69 1079
68 1078
69 1077
69 1076
67 1076
66 1077
65 1076
64 1076
64 1077
65 1077
67 1079
65 1081
65 1082
63 1084
61 1084
61 1085
62 1086
63 1085
65 1087
66 1087
67 1088
67 1089
66 1090
66 1091
67 1090
68 1091
68 1093
69 1093
69 1091
70 1090
71 1090
72 1091
72 1092
73 1092
71 1090
72 1089
79 1089
80 1088
82 1088
82 1087
83 1086
88 1086
89 1087
89 1088
91 1086
93 1086
94 1085
101 1085
102 1086
103 1086
104 1085
111 1085
112 1086
112 1087
117 1087
120 1084
121 1085
121 1086
123 1086
124 1085
125 1085
125 1084
126 1083
127 1084
127 1085
128 1086
132 1086
133 1085
139 1085
140 1084
146 1084
143 1084
142 1083
143 1082
151 1082
152 1083
155 1083
152 1083
151 1082
152 1081
159 1081
160 1080
166 1080
167 1079
174 1079
175 1078
181 1078
182 1077
188 1077
189 1076
196 1076
197 1075
203 1075
204 1076
204 1077
203 1078
202 1078
201 1079
199 1079
196 1082
195 1082
194 1081
191 1081
192 1081
193 1082
192 1083
184 1083
183 1082
181 1082
182 1082
183 1083
182 1084
177 1084
176 1085
170 1085
169 1084
165 1084
168 1084
169 1085
168 1086
163 1086
162 1085
160 1085
161 1085
162 1086
161 1087
158 1087
157 1086
154 1086
153 1087
149 1087
148 1088
145 1088
144 1089
140 1089
139 1090
137 1090
136 1091
134 1091
133 1092
130 1092
129 1093
128 1093
126 1095
125 1094
124 1094
122 1096
123 1097
122 1098
120 1098
119 1097
119 1096
118 1097
117 1097
116 1098
117 1099
116 1100
115 1100
114 1099
114 1098
113 1098
112 1099
111 1099
110 1100
108 1100
106 1102
104 1102
104 1103
105 1104
104 1105
103 1105
102 1106
101 1106
100 1107
99 1107
98 1108
97 1108
96 1109
94 1109
93 1110
92 1110
91 1111
90 1111
88 1113
86 1113
84 1115
83 1115
82 1116
81 1116
79 1118
77 1118
76 1119
75 1118
73 1118
71 1120
69 1120
66 1123
67 1122
68 1122
69 1123
67 1125
66 1125
65 1126
64 1126
61 1129
60 1129
59 1130
58 1130
56 1132
55 1132
54 1131
55 1130
53 1130
52 1131
50 1131
49 1132
48 1132
47 1131
48 1130
47 1129
46 1129
45 1128
46 1127
48 1127
48 1126
49 1125
50 1125
50 1123
49 1123
48 1122
48 1118
47 1118
47 1119
48 1120
48 1121
46 1123
46 1124
45 1125
44 1125
44 1126
41 1129
39 1129
39 1132
38 1133
37 1133
37 1134
38 1135
39 1135
41 1137
41 1138
43 1140
42 1141
42 1142
41 1143
40 1143
39 1144
39 1145
40 1145
41 1146
41 1147
42 1147
42 1146
41 1145
42 1144
43 1144
45 1146
47 1146
49 1144
50 1144
48 1144
47 1143
48 1142
49 1142
51 1140
52 1141
52 1142
53 1142
53 1140
54 1139
56 1139
56 1138
55 1138
54 1137
54 1136
55 1135
57 1135
58 1136
59 1136
60 1137
60 1135
61 1134
62 1134
62 1133
61 1132
63 1130
64 1130
66 1128
67 1128
68 1127
69 1128
69 1129
70 1130
71 1129
71 1128
72 1127
72 1125
74 1123
75 1123
76 1124
74 1126
75 1126
75 1125
76 1124
75 1123
77 1121
78 1121
79 1120
80 1120
81 1119
82 1119
83 1120
82 1121
83 1121
83 1120
82 1119
83 1118
84 1118
86 1116
88 1116
89 1117
87 1119
86 1119
87 1119
88 1118
89 1118
89 1117
88 1116
89 1115
90 1115
91 1114
92 1114
93 1113
94 1113
95 1112
96 1112
97 1111
98 1111
99 1110
100 1110
101 1109
102 1109
103 1108
104 1108
105 1107
106 1107
107 1106
109 1106
110 1105
111 1105
112 1104
114 1104
115 1103
117 1103
118 1102
120 1102
121 1101
123 1101
124 1100
126 1100
127 1101
126 1102
127 1102
128 1101
129 1102
131 1102
134 1099
139 1099
140 1098
144 1098
145 1097
149 1097
150 1096
152 1096
153 1097
154 1096
155 1096
156 1095
158 1095
159 1094
161 1094
162 1093
172 1093
173 1094
173 1097
169 1101
172 1101
173 1100
177 1100
184 1093
187 1093
188 1092
190 1092
191 1091
195 1091
196 1090
202 1090
203 1091
204 1090
205 1090
206 1091
207 1090
216 1090
217 1089
218 1089
219 1088
220 1088
221 1089
222 1089
223 1088
224 1089
224 1091
222 1093
220 1093
219 1094
215 1094
214 1095
209 1095
208 1096
207 1096
206 1097
205 1097
204 1098
203 1098
200 1101
201 1100
204 1100
205 1101
204 1102
202 1102
201 1103
198 1103
197 1102
197 1101
196 1101
195 1102
193 1102
192 1103
190 1103
189 1104
185 1104
184 1105
175 1105
174 1106
173 1106
172 1107
171 1107
170 1108
169 1108
168 1109
165 1109
165 1110
164 1111
163 1111
162 1110
161 1110
160 1111
158 1111
157 1112
156 1112
157 1112
158 1113
159 1113
160 1114
159 1115
156 1115
155 1114
154 1114
153 1115
151 1115
149 1117
146 1117
145 1118
144 1118
142 1120
141 1120
140 1119
139 1120
140 1120
141 1121
139 1123
138 1123
137 1124
136 1124
135 1123
135 1121
134 1122
134 1124
133 1125
131 1125
130 1126
127 1126
126 1127
125 1127
124 1128
123 1128
120 1131
119 1131
118 1132
116 1132
115 1131
114 1131
115 1131
116 1132
114 1134
114 1135
113 1136
112 1135
110 1135
110 1136
113 1136
114 1137
113 1138
112 1138
110 1140
108 1140
107 1141
106 1141
105 1142
104 1142
103 1143
102 1143
101 1144
100 1144
99 1145
98 1145
97 1146
96 1146
95 1147
94 1147
93 1148
92 1148
91 1149
90 1149
89 1150
88 1150
87 1149
87 1148
86 1147
86 1149
87 1149
88 1150
87 1151
86 1151
85 1152
84 1152
83 1151
84 1150
83 1150
82 1151
83 1151
84 1152
83 1153
81 1153
79 1155
77 1155
75 1157
74 1157
73 1158
72 1158
71 1159
70 1159
69 1160
67 1160
65 1162
63 1162
62 1163
61 1163
60 1164
59 1164
58 1165
57 1165
56 1166
55 1166
54 1167
53 1167
52 1168
51 1168
50 1167
49 1167
50 1167
51 1168
50 1169
48 1169
47 1170
46 1169
46 1168
45 1169
44 1169
46 1169
47 1170
46 1171
45 1171
44 1172
43 1172
42 1173
41 1173
40 1172
41 1171
40 1171
40 1172
41 1173
40 1174
39 1174
38 1175
37 1175
36 1176
35 1176
34 1177
33 1177
32 1178
31 1178
30 1179
29 1179
28 1180
27 1179
27 1178
26 1177
25 1177
24 1176
24 1175
24 1177
25 1178
25 1181
24 1182
23 1181
21 1181
22 1182
22 1183
21 1184
20 1184
18 1186
17 1186
16 1187
15 1187
14 1188
13 1188
11 1190
10 1190
9 1191
7 1191
7 1192
5 1194
6 1193
8 1193
10 1191
13 1191
14 1190
15 1190
17 1188
19 1188
21 1186
22 1186
23 1185
24 1185
25 1184
26 1184
27 1185
27 1187
28 1188
29 1188
29 1187
30 1186
31 1186
32 1187
33 1186
33 1183
34 1182
35 1183
35 1184
36 1184
34 1182
33 1183
31 1183
30 1182
31 1181
32 1181
33 1180
34 1180
35 1179
36 1179
37 1178
38 1178
39 1177
40 1177
41 1176
42 1176
43 1175
44 1175
45 1174
46 1174
47 1173
48 1173
49 1174
47 1176
46 1176
45 1177
45 1178
47 1178
48 1177
50 1177
49 1176
49 1175
50 1174
53 1174
54 1175
54 1174
53 1173
54 1172
55 1172
56 1173
56 1174
59 1171
59 1170
58 1170
58 1171
57 1172
56 1171
55 1171
54 1170
55 1169
56 1169
57 1168
58 1168
59 1167
60 1167
61 1166
62 1166
63 1165
64 1165
65 1164
66 1164
67 1163
68 1163
69 1162
70 1162
71 1161
72 1161
73 1160
74 1160
75 1159
76 1159
77 1158
78 1158
79 1157
81 1157
82 1158
81 1159
82 1158
81 1157
82 1156
83 1156
84 1155
85 1155
86 1154
88 1154
89 1155
92 1155
92 1154
91 1154
90 1153
91 1152
92 1152
93 1151
94 1151
95 1150
96 1150
97 1149
98 1149
100 1147
102 1147
103 1146
104 1146
105 1147
104 1148
105 1148
105 1147
104 1146
105 1145
106 1145
107 1144
108 1144
109 1143
110 1143
111 1142
112 1142
113 1141
114 1141
115 1140
116 1140
117 1141
117 1143
119 1143
122 1140
124 1140
125 1139
127 1139
128 1138
129 1138
130 1137
131 1137
134 1134
136 1134
137 1133
142 1133
143 1132
143 1131
142 1131
141 1132
140 1132
138 1130
139 1129
140 1129
141 1128
142 1128
143 1127
145 1127
146 1128
146 1129
148 1129
149 1128
150 1128
151 1127
154 1127
155 1126
156 1126
157 1125
158 1125
159 1124
162 1124
165 1121
168 1121
169 1120
173 1120
174 1119
177 1119
180 1116
181 1116
182 1115
186 1115
188 1113
189 1113
190 1112
194 1112
195 1111
197 1111
198 1110
200 1110
201 1109
202 1109
203 1108
205 1108
206 1107
207 1108
208 1107
210 1107
211 1106
213 1106
214 1105
215 1105
216 1106
217 1106
218 1105
222 1105
223 1104
226 1104
227 1105
227 1106
229 1108
228 1109
228 1110
225 1113
225 1114
224 1115
223 1114
222 1114
221 1115
220 1115
220 1116
218 1118
217 1118
216 1117
215 1117
215 1119
214 1120
212 1120
211 1121
210 1121
209 1122
208 1122
206 1124
205 1124
204 1125
202 1125
200 1127
197 1127
197 1128
196 1129
194 1129
193 1130
195 1130
196 1131
195 1132
194 1132
193 1133
192 1133
191 1134
190 1134
189 1135
188 1135
187 1134
189 1132
188 1132
187 1133
185 1133
184 1134
183 1134
182 1135
181 1135
180 1136
179 1136
177 1138
175 1138
173 1140
172 1140
171 1141
169 1141
169 1142
168 1143
167 1143
166 1142
166 1143
164 1145
162 1145
162 1146
161 1147
160 1147
159 1146
159 1147
158 1148
157 1148
155 1150
154 1150
153 1151
152 1151
151 1152
150 1152
150 1153
151 1153
152 1154
151 1155
150 1155
149 1156
148 1156
147 1157
146 1157
144 1159
142 1159
141 1160
140 1159
140 1158
141 1157
140 1157
138 1159
140 1159
141 1160
140 1161
139 1161
138 1162
137 1162
136 1161
136 1160
135 1160
134 1161
131 1161
130 1162
130 1163
129 1164
126 1164
126 1165
125 1166
125 1167
126 1167
127 1168
126 1169
124 1169
122 1171
121 1171
120 1172
119 1172
118 1173
117 1173
115 1175
114 1174
114 1173
112 1173
112 1174
113 1174
114 1175
112 1177
111 1177
110 1178
109 1178
107 1180
106 1180
105 1181
104 1181
103 1182
102 1181
102 1179
101 1179
101 1180
99 1182
101 1182
102 1183
101 1184
100 1184
99 1185
98 1185
97 1184
95 1184
94 1185
96 1185
97 1186
96 1187
95 1187
93 1189
92 1189
91 1190
90 1190
89 1189
87 1189
86 1190
85 1190
85 1191
84 1192
83 1191
83 1192
85 1194
83 1196
82 1196
80 1198
79 1198
78 1199
77 1199
74 1202
73 1202
70 1205
69 1205
67 1207
66 1206
66 1205
68 1203
67 1202
67 1203
65 1205
64 1205
64 1207
65 1208
63 1210
62 1210
56 1216
55 1216
51 1220
50 1220
43 1227
42 1226
42 1225
40 1225
41 1226
40 1227
39 1227
38 1228
38 1229
36 1231
35 1231
34 1230
33 1230
33 1232
34 1233
33 1234
32 1234
31 1233
32 1234
32 1235
34 1235
35 1236
34 1237
31 1237
32 1238
32 1239
30 1241
27 1238
27 1237
26 1237
26 1239
27 1240
29 1240
30 1241
30 1243
31 1244
33 1244
36 1241
37 1241
39 1239
40 1239
38 1237
39 1236
40 1236
41 1237
40 1236
40 1234
43 1231
44 1232
44 1234
45 1234
45 1233
43 1231
44 1230
44 1229
46 1227
47 1227
55 1219
56 1219
57 1220
58 1220
57 1220
56 1219
59 1216
60 1216
63 1219
62 1220
62 1221
62 1220
65 1217
66 1217
66 1214
67 1213
68 1213
68 1212
69 1211
72 1211
72 1210
74 1208
74 1207
73 1206
74 1205
75 1205
76 1206
75 1205
78 1202
79 1202
80 1201
81 1202
81 1203
82 1202
83 1202
83 1201
82 1202
81 1202
80 1201
82 1199
83 1199
84 1198
85 1198
86 1199
86 1201
87 1201
89 1199
90 1199
90 1197
91 1196
92 1197
93 1197
95 1195
95 1194
96 1193
97 1194
97 1195
98 1195
98 1194
97 1193
98 1192
99 1192
99 1191
100 1190
102 1190
103 1191
103 1192
104 1192
104 1191
103 1191
102 1190
103 1189
104 1189
105 1188
106 1188
107 1187
108 1188
108 1189
107 1190
108 1189
108 1188
109 1187
108 1188
107 1187
107 1185
106 1185
105 1184
106 1183
107 1183
108 1182
109 1182
111 1180
112 1180
113 1179
114 1179
115 1178
116 1178
118 1176
119 1176
120 1175
121 1175
123 1173
124 1173
125 1172
126 1172
127 1171
128 1171
130 1169
131 1169
132 1170
131 1171
134 1171
135 1170
136 1170
137 1169
138 1169
138 1168
140 1166
139 1165
141 1163
142 1163
143 1162
144 1162
145 1161
146 1161
148 1159
149 1159
150 1160
149 1161
149 1162
151 1162
151 1160
150 1159
151 1158
152 1158
153 1157
154 1157
155 1156
156 1157
156 1158
157 1158
157 1157
158 1156
159 1157
159 1158
159 1157
161 1155
162 1155
163 1154
166 1154
167 1153
168 1153
169 1152
170 1152
173 1149
175 1149
176 1148
177 1148
179 1146
180 1147
182 1145
183 1145
184 1144
185 1144
187 1142
188 1142
190 1140
189 1140
188 1139
189 1138
190 1138
191 1137
192 1137
193 1138
192 1139
193 1139
193 1138
192 1137
193 1136
194 1136
195 1135
196 1135
197 1134
198 1134
199 1135
198 1136
199 1136
200 1135
199 1135
198 1134
199 1133
200 1133
201 1132
202 1132
203 1131
204 1131
205 1130
206 1130
207 1129
208 1129
209 1128
211 1128
212 1129
211 1130
210 1130
209 1131
210 1131
212 1129
211 1128
212 1127
213 1127
214 1126
215 1126
216 1125
217 1125
218 1124
219 1124
220 1123
221 1123
222 1122
224 1122
225 1123
224 1124
223 1124
221 1126
219 1126
218 1127
217 1127
219 1127
220 1126
221 1126
222 1125
224 1125
225 1124
226 1124
227 1125
228 1125
229 1126
229 1130
228 1131
228 1132
227 1133
226 1133
223 1136
221 1136
221 1137
222 1137
224 1135
225 1135
226 1134
227 1134
228 1133
229 1133
230 1132
232 1132
233 1133
232 1134
231 1134
230 1135
229 1135
228 1136
227 1136
226 1137
225 1137
223 1139
222 1139
221 1140
220 1140
219 1141
218 1141
217 1142
216 1142
214 1144
213 1144
212 1145
211 1145
208 1148
207 1148
206 1149
205 1149
204 1148
205 1147
204 1147
203 1148
204 1148
205 1149
203 1151
202 1151
200 1153
199 1153
198 1152
198 1151
196 1153
195 1153
194 1154
195 1154
197 1152
198 1152
199 1153
195 1157
194 1157
193 1158
192 1157
192 1155
190 1157
189 1157
189 1158
186 1161
185 1160
184 1160
177 1167
177 1168
174 1171
174 1174
173 1175
171 1175
169 1177
170 1178
170 1179
171 1180
170 1181
170 1182
165 1187
165 1188
166 1189
166 1190
164 1192
164 1194
163 1195
163 1198
162 1199
161 1199
161 1201
160 1202
160 1203
158 1205
157 1205
154 1208
153 1208
153 1209
152 1210
151 1210
150 1211
150 1212
149 1213
148 1213
148 1215
147 1216
146 1215
146 1216
145 1217
145 1218
146 1219
145 1220
141 1220
141 1222
140 1223
139 1223
139 1224
140 1225
140 1228
139 1229
138 1229
137 1228
137 1230
136 1231
135 1231
135 1232
134 1233
133 1233
133 1236
132 1237
129 1237
129 1239
130 1240
128 1242
125 1242
125 1244
126 1244
127 1243
128 1243
129 1244
129 1245
127 1247
127 1248
122 1253
122 1254
117 1259
117 1260
112 1265
111 1264
111 1263
110 1263
108 1265
105 1265
105 1266
107 1266
108 1267
109 1267
110 1268
107 1271
107 1272
101 1278
101 1279
99 1281
98 1280
98 1279
99 1278
99 1275
97 1277
98 1277
99 1278
98 1279
97 1279
97 1280
96 1281
96 1282
95 1283
94 1283
95 1283
96 1284
93 1287
93 1288
88 1293
87 1292
86 1292
85 1293
84 1293
83 1292
82 1292
82 1293
83 1294
83 1295
82 1296
81 1295
82 1296
80 1298
80 1299
79 1300
78 1300
77 1299
77 1298
72 1303
71 1303
71 1304
72 1304
73 1303
77 1303
78 1304
74 1308
73 1307
73 1306
72 1306
72 1307
71 1308
72 1308
73 1309
69 1313
68 1312
68 1311
66 1311
66 1313
65 1314
66 1313
67 1314
67 1315
65 1317
64 1317
62 1319
61 1318
61 1317
60 1317
58 1319
57 1319
56 1320
55 1320
54 1321
53 1321
54 1322
54 1324
55 1325
53 1327
52 1327
51 1326
52 1327
47 1332
46 1332
44 1334
43 1334
42 1333
43 1332
43 1329
44 1328
45 1328
46 1329
47 1329
47 1327
45 1327
44 1326
41 1326
41 1327
40 1328
39 1328
39 1329
40 1330
40 1332
39 1333
37 1331
36 1331
36 1332
32 1336
32 1337
31 1338
30 1338
30 1340
31 1340
31 1338
32 1337
33 1338
36 1338
37 1339
36 1340
35 1340
32 1343
31 1343
30 1344
29 1344
29 1345
28 1346
27 1346
26 1347
25 1347
24 1346
22 1346
22 1347
23 1346
24 1346
25 1347
23 1349
22 1349
22 1352
23 1352
25 1350
26 1350
28 1348
29 1348
31 1346
32 1346
33 1347
30 1350
29 1350
29 1352
30 1353
31 1353
31 1352
30 1351
30 1350
32 1348
33 1348
33 1347
32 1346
36 1342
37 1342
39 1340
40 1340
41 1339
42 1339
43 1340
41 1342
40 1342
35 1347
36 1347
37 1348
37 1350
36 1351
37 1352
38 1352
37 1351
37 1350
38 1349
40 1349
41 1348
42 1348
43 1349
47 1349
48 1348
48 1343
47 1342
47 1340
48 1339
49 1340
50 1340
52 1338
52 1337
53 1336
54 1336
54 1335
53 1334
54 1333
55 1333
55 1332
56 1331
58 1331
59 1332
60 1331
61 1331
62 1330
62 1327
61 1326
62 1325
64 1325
64 1324
63 1324
62 1323
69 1316
70 1317
70 1318
71 1318
72 1317
72 1316
71 1315
85 1301
86 1302
89 1302
90 1301
90 1298
89 1299
88 1299
87 1298
93 1292
94 1293
94 1295
96 1295
97 1296
97 1295
95 1293
94 1293
93 1292
95 1290
95 1289
101 1283
101 1282
102 1281
103 1281
103 1280
108 1275
108 1274
110 1272
111 1273
115 1273
115 1270
114 1270
113 1269
113 1268
117 1264
117 1263
120 1260
122 1262
122 1264
124 1266
125 1266
125 1265
124 1265
123 1264
123 1263
122 1262
123 1261
123 1260
122 1260
121 1259
123 1257
123 1256
127 1252
127 1251
129 1249
130 1250
130 1251
131 1251
131 1249
130 1248
132 1246
133 1247
134 1246
136 1246
136 1245
137 1244
137 1243
138 1242
138 1241
141 1238
142 1239
142 1240
143 1240
143 1239
144 1238
145 1239
145 1241
144 1242
144 1243
143 1244
142 1243
142 1242
141 1242
141 1243
139 1245
139 1246
138 1247
138 1251
137 1252
136 1251
136 1250
136 1251
137 1252
138 1251
139 1252
139 1253
138 1254
138 1255
137 1256
137 1257
136 1258
136 1259
135 1260
135 1262
134 1263
134 1264
133 1265
133 1266
132 1267
132 1268
131 1269
131 1271
130 1272
130 1273
129 1274
129 1275
128 1276
128 1277
127 1278
127 1281
126 1282
126 1283
125 1284
125 1285
124 1286
123 1285
123 1283
124 1282
123 1282
123 1283
121 1285
121 1287
122 1287
123 1286
124 1287
124 1289
123 1290
123 1292
122 1293
122 1298
121 1299
121 1302
120 1303
120 1305
119 1306
118 1305
118 1303
117 1304
116 1303
116 1302
116 1303
117 1304
117 1305
118 1305
119 1306
119 1309
118 1310
118 1311
115 1314
116 1313
117 1314
117 1317
116 1318
116 1321
115 1322
115 1325
114 1326
114 1328
113 1329
113 1331
112 1332
112 1336
111 1337
111 1338
110 1339
110 1342
109 1343
109 1346
110 1345
110 1344
112 1342
112 1340
113 1339
113 1336
114 1335
114 1333
115 1332
115 1330
116 1329
116 1328
117 1327
117 1325
118 1324
118 1321
119 1320
119 1317
120 1316
120 1314
121 1313
122 1314
122 1315
123 1315
123 1314
121 1312
121 1310
122 1309
125 1312
126 1312
126 1311
125 1310
123 1310
122 1309
122 1306
123 1305
123 1301
124 1300
124 1296
125 1295
125 1292
126 1291
126 1290
127 1289
127 1286
128 1285
128 1283
129 1282
129 1280
130 1279
130 1278
131 1277
131 1276
132 1275
132 1274
133 1273
133 1271
134 1270
134 1269
135 1268
135 1267
136 1266
136 1265
137 1264
137 1263
138 1262
139 1263
139 1264
140 1263
140 1261
139 1261
138 1260
139 1259
139 1258
140 1257
140 1256
141 1255
141 1254
142 1253
142 1252
143 1251
144 1252
145 1252
145 1251
146 1250
146 1248
145 1247
145 1246
147 1244
148 1245
147 1244
147 1242
148 1241
148 1240
150 1238
150 1237
151 1236
151 1235
152 1234
152 1233
153 1232
154 1233
154 1234
155 1233
155 1232
157 1230
157 1229
158 1228
158 1227
159 1226
160 1227
160 1235
159 1236
159 1238
160 1237
161 1238
161 1241
160 1242
159 1241
159 1240
159 1241
161 1243
161 1248
163 1250
161 1252
160 1251
158 1251
157 1252
158 1252
159 1253
159 1254
160 1255
159 1256
157 1256
156 1257
156 1259
155 1260
155 1262
156 1263
155 1264
155 1266
154 1267
154 1268
153 1269
152 1268
152 1267
152 1268
153 1269
153 1270
152 1271
152 1272
151 1273
150 1272
150 1271
150 1272
151 1273
151 1275
150 1276
149 1275
149 1274
149 1275
148 1276
149 1275
150 1276
150 1278
149 1279
149 1280
148 1281
147 1280
147 1279
146 1280
146 1281
147 1280
148 1281
148 1283
147 1284
147 1285
145 1287
145 1290
144 1291
144 1293
143 1294
143 1295
142 1296
142 1298
141 1299
141 1301
140 1302
139 1301
137 1303
135 1303
135 1304
136 1304
137 1305
137 1307
136 1308
136 1310
136 1309
137 1308
137 1307
138 1306
139 1307
139 1309
138 1310
138 1312
137 1313
137 1315
136 1316
136 1320
135 1321
135 1324
134 1325
134 1329
133 1330
133 1332
134 1332
134 1330
135 1329
135 1328
136 1327
136 1325
137 1324
137 1319
138 1318
138 1317
139 1316
139 1314
140 1313
140 1311
142 1309
143 1310
143 1313
145 1313
146 1312
147 1313
148 1312
149 1312
147 1312
146 1311
146 1310
145 1310
143 1308
144 1307
146 1307
146 1303
145 1302
145 1304
144 1305
144 1307
143 1308
142 1307
142 1304
143 1303
143 1301
144 1300
144 1299
145 1298
145 1297
146 1296
146 1294
147 1293
147 1291
148 1290
148 1288
149 1287
149 1286
150 1285
150 1284
151 1283
151 1281
152 1280
152 1278
153 1277
154 1278
155 1277
154 1278
153 1277
153 1275
155 1273
156 1274
157 1273
157 1272
158 1271
158 1270
159 1269
159 1267
158 1268
157 1267
157 1266
159 1264
159 1263
160 1262
160 1261
161 1260
162 1261
162 1262
162 1261
161 1260
161 1258
163 1256
164 1257
164 1258
163 1259
165 1257
164 1257
163 1256
163 1255
164 1254
164 1253
165 1252
165 1251
166 1250
166 1249
167 1248
168 1249
168 1251
170 1249
171 1250
172 1249
172 1248
174 1246
173 1245
173 1243
174 1242
174 1241
176 1239
176 1238
179 1235
179 1234
180 1233
181 1233
181 1232
182 1231
183 1231
183 1229
185 1227
186 1228
187 1227
186 1226
186 1225
187 1224
187 1223
189 1221
190 1221
191 1220
191 1219
192 1218
192 1217
197 1212
197 1210
194 1213
193 1212
193 1211
198 1206
199 1207
199 1208
200 1208
200 1207
201 1206
202 1206
203 1205
203 1203
204 1202
205 1202
205 1201
204 1201
203 1200
207 1196
208 1197
210 1197
212 1195
213 1196
214 1196
215 1197
215 1198
214 1199
213 1199
212 1198
212 1199
213 1199
214 1200
213 1201
213 1202
212 1203
213 1204
214 1204
215 1205
215 1207
212 1210
212 1211
210 1213
210 1215
209 1216
209 1217
207 1219
207 1220
205 1222
204 1221
204 1220
205 1219
205 1218
207 1216
207 1215
208 1214
208 1212
210 1210
210 1209
212 1207
212 1206
212 1207
209 1210
209 1211
208 1212
208 1213
206 1215
205 1215
205 1217
204 1218
202 1218
202 1219
203 1219
204 1220
203 1221
203 1222
204 1221
205 1222
205 1223
204 1224
204 1225
202 1227
201 1226
201 1224
200 1224
199 1225
198 1225
197 1226
197 1227
196 1228
195 1228
194 1227
193 1227
193 1228
192 1229
192 1230
193 1231
192 1232
192 1235
191 1236
190 1236
189 1235
189 1234
190 1233
189 1233
188 1234
188 1237
187 1238
186 1238
186 1240
187 1241
186 1242
185 1242
184 1243
184 1244
181 1247
180 1247
179 1248
180 1249
180 1251
179 1252
179 1253
180 1254
180 1255
179 1256
178 1255
177 1256
177 1257
178 1258
177 1259
176 1259
175 1260
175 1261
173 1263
172 1262
171 1263
172 1264
171 1265
170 1265
169 1266
170 1267
170 1268
168 1270
170 1272
169 1273
169 1276
170 1276
171 1275
172 1275
172 1274
174 1272
174 1271
175 1270
175 1269
178 1266
179 1267
179 1268
177 1270
177 1271
178 1270
178 1269
181 1266
182 1266
185 1263
186 1263
187 1262
187 1261
186 1261
185 1260
187 1258
189 1258
189 1256
190 1255
192 1255
192 1254
191 1254
190 1253
191 1252
191 1251
192 1250
192 1248
193 1247
194 1248
194 1249
195 1250
195 1251
194 1252
195 1251
196 1251
196 1249
195 1248
194 1248
193 1247
193 1246
194 1245
194 1244
197 1241
197 1240
198 1239
198 1238
200 1236
200 1235
202 1233
203 1234
203 1235
202 1236
202 1237
201 1238
201 1240
200 1241
201 1241
202 1242
202 1243
204 1245
203 1246
202 1246
201 1245
200 1245
198 1247
199 1248
200 1248
201 1249
201 1248
202 1247
204 1247
205 1248
204 1249
204 1250
206 1252
206 1253
205 1254
205 1255
206 1256
205 1257
205 1258
204 1259
204 1261
203 1262
203 1263
202 1264
203 1264
205 1266
207 1266
208 1267
213 1267
215 1265
215 1261
216 1260
216 1250
217 1249
216 1248
216 1245
217 1244
216 1243
216 1241
216 1243
215 1244
215 1246
211 1250
209 1250
206 1247
206 1245
205 1244
206 1243
206 1237
208 1235
208 1234
210 1232
210 1230
211 1229
211 1228
212 1227
212 1226
214 1224
214 1223
215 1222
215 1221
216 1220
215 1219
215 1218
217 1216
217 1215
219 1213
219 1212
221 1210
221 1209
224 1206
224 1203
227 1200
227 1199
226 1200
225 1199
225 1198
226 1197
228 1197
229 1196
229 1195
230 1194
232 1194
233 1193
234 1193
237 1196
239 1196
239 1195
240 1194
240 1188
242 1186
243 1186
245 1188
245 1194
246 1195
246 1197
247 1198
247 1206
246 1207
246 1208
245 1209
245 1210
244 1211
244 1213
243 1214
243 1217
242 1218
242 1219
241 1220
241 1222
240 1223
240 1225
239 1226
239 1229
238 1230
238 1233
237 1234
237 1235
236 1236
236 1238
235 1239
235 1242
234 1243
234 1254
233 1255
233 1259
232 1260
232 1261
231 1262
231 1268
230 1269
230 1270
231 1271
231 1276
232 1277
232 1284
233 1285
233 1294
234 1295
234 1302
235 1303
235 1308
236 1309
236 1313
237 1314
237 1316
238 1317
238 1322
239 1323
239 1325
240 1326
240 1328
241 1329
241 1330
242 1331
242 1332
243 1333
243 1337
244 1338
244 1340
245 1341
245 1343
246 1344
246 1348
247 1349
247 1354
248 1355
247 1356
247 1361
248 1362
248 1363
247 1364
246 1364
245 1363
244 1364
241 1364
240 1365
239 1365
238 1364
237 1364
236 1363
235 1363
234 1362
234 1360
233 1360
233 1361
232 1362
232 1363
233 1364
233 1365
232 1366
231 1366
232 1367
232 1368
231 1369
232 1370
231 1371
231 1372
233 1374
233 1375
232 1376
232 1378
231 1379
229 1377
230 1378
230 1380
229 1381
229 1388
228 1389
228 1390
230 1392
232 1392
233 1393
232 1394
230 1394
230 1395
231 1396
231 1397
233 1399
232 1400
233 1401
233 1402
232 1403
232 1407
230 1409
230 1412
229 1413
229 1414
230 1415
230 1418
229 1419
228 1419
229 1420
229 1421
229 1420
230 1419
231 1419
232 1420
232 1422
231 1423
230 1423
230 1425
231 1425
232 1426
233 1426
234 1427
234 1428
233 1429
232 1429
231 1428
230 1428
230 1429
231 1430
231 1431
228 1434
229 1435
229 1436
230 1437
230 1439
231 1440
230 1441
229 1441
228 1440
227 1440
229 1442
229 1443
230 1444
226 1448
226 1449
229 1452
229 1453
228 1454
228 1455
226 1457
227 1458
227 1460
226 1461
227 1462
227 1464
228 1465
230 1465
231 1466
231 1467
230 1468
228 1468
229 1469
229 1470
228 1471
230 1473
230 1474
229 1475
229 1476
228 1477
227 1477
227 1478
228 1479
228 1480
229 1481
229 1482
231 1484
233 1484
234 1485
233 1486
230 1486
230 1487
231 1488
231 1490
233 1490
234 1491
234 1492
233 1493
232 1493
231 1494
232 1495
233 1495
234 1496
232 1498
233 1499
233 1500
232 1501
232 1502
231 1503
231 1504
232 1505
232 1506
233 1507
232 1508
232 1509
231 1510
231 1512
230 1513
230 1517
231 1518
231 1519
230 1520
230 1522
229 1523
229 1525
230 1526
230 1527
229 1528
228 1528
229 1529
229 1531
228 1532
228 1533
229 1534
229 1536
228 1537
228 1538
227 1539
227 1540
228 1541
228 1542
227 1543
227 1549
228 1550
227 1551
226 1551
227 1552
227 1553
228 1554
228 1555
229 1556
228 1557
227 1557
226 1556
226 1557
228 1559
227 1560
227 1562
226 1563
226 1565
225 1566
225 1568
224 1569
224 1570
222 1572
222 1573
223 1574
222 1575
220 1575
220 1576
219 1577
219 1578
217 1580
216 1580
216 1582
215 1583
215 1584
214 1585
213 1584
211 1586
214 1589
213 1590
212 1590
212 1591
214 1591
215 1592
214 1593
212 1593
212 1594
213 1595
216 1595
217 1596
217 1597
214 1600
213 1599
212 1599
211 1598
208 1598
206 1596
206 1598
207 1599
206 1600
205 1600
205 1601
204 1602
204 1604
202 1606
202 1610
204 1610
205 1611
203 1613
200 1613
200 1614
202 1616
201 1617
200 1617
200 1618
198 1620
198 1621
199 1621
201 1623
201 1624
202 1624
203 1625
202 1626
201 1626
200 1627
199 1626
199 1624
198 1623
197 1623
197 1625
196 1626
195 1626
194 1625
194 1624
193 1624
193 1625
194 1625
195 1626
193 1628
190 1628
191 1628
192 1629
192 1631
191 1632
190 1632
189 1631
189 1630
188 1631
189 1631
190 1632
190 1635
191 1636
192 1636
193 1637
192 1638
192 1644
190 1646
190 1647
188 1649
188 1651
187 1652
187 1653
185 1655
186 1656
186 1657
183 1660
183 1662
182 1663
182 1664
181 1665
182 1666
181 1667
181 1669
180 1670
180 1672
178 1674
178 1679
177 1680
176 1680
176 1684
178 1686
178 1687
177 1688
175 1688
175 1689
176 1690
176 1691
175 1692
175 1699
176 1700
175 1701
174 1701
174 1705
173 1706
173 1712
172 1713
174 1715
173 1716
173 1723
172 1724
172 1726
171 1727
170 1727
169 1728
169 1729
170 1730
168 1732
166 1732
166 1735
167 1735
168 1734
169 1735
169 1741
171 1741
172 1742
171 1743
171 1745
168 1748
169 1749
168 1750
166 1750
165 1749
166 1748
166 1746
167 1745
168 1745
168 1744
167 1744
167 1745
166 1746
165 1746
165 1747
164 1748
164 1750
163 1751
162 1751
161 1750
161 1751
159 1753
161 1755
159 1757
159 1760
160 1761
160 1764
158 1766
158 1767
163 1767
165 1769
166 1769
166 1767
165 1767
164 1766
165 1765
166 1765
168 1763
169 1764
169 1766
168 1767
169 1768
170 1768
171 1769
171 1771
170 1772
170 1773
169 1774
168 1774
167 1773
167 1772
166 1771
164 1771
163 1772
162 1771
162 1770
161 1770
160 1771
160 1772
161 1773
162 1773
163 1774
163 1775
164 1776
165 1775
166 1776
167 1776
169 1778
169 1779
168 1780
166 1780
165 1779
164 1779
164 1780
163 1781
162 1780
161 1780
160 1779
160 1776
157 1776
156 1775
156 1776
158 1778
157 1779
151 1779
151 1782
152 1781
154 1781
155 1782
157 1782
158 1781
159 1782
159 1785
161 1785
162 1784
162 1783
163 1782
165 1782
167 1784
167 1787
168 1788
166 1790
166 1791
167 1792
166 1793
165 1793
164 1794
162 1794
162 1796
160 1798
161 1799
161 1797
162 1796
165 1799
165 1801
164 1802
163 1802
161 1804
161 1805
163 1805
163 1804
165 1802
166 1802
167 1801
170 1801
171 1802
170 1803
168 1803
167 1804
167 1805
168 1805
169 1806
168 1807
166 1807
165 1808
165 1812
164 1813
164 1814
168 1814
169 1815
169 1816
166 1819
165 1819
165 1821
167 1821
168 1822
168 1825
166 1827
165 1827
164 1828
162 1828
161 1829
159 1827
159 1826
160 1825
160 1824
161 1823
162 1823
162 1817
161 1817
160 1816
162 1814
162 1813
161 1813
160 1812
160 1809
159 1809
159 1812
158 1813
157 1812
157 1811
156 1810
157 1809
157 1808
158 1807
157 1806
157 1804
158 1803
158 1802
157 1802
156 1803
156 1807
155 1808
154 1808
153 1807
154 1806
154 1805
153 1804
152 1804
152 1806
151 1807
151 1809
152 1810
152 1812
157 1812
159 1814
159 1815
160 1816
159 1817
158 1817
157 1818
156 1817
156 1816
157 1815
156 1814
155 1814
155 1819
156 1820
157 1820
158 1819
159 1819
160 1818
161 1819
161 1820
160 1821
159 1821
160 1822
159 1823
158 1823
158 1824
159 1825
158 1826
156 1826
155 1825
155 1826
156 1827
156 1829
157 1830
157 1831
159 1831
160 1830
167 1830
168 1831
167 1832
164 1832
164 1833
163 1834
162 1834
161 1833
157 1833
157 1835
158 1835
159 1836
159 1837
160 1837
160 1834
161 1833
162 1834
162 1836
163 1837
162 1838
162 1840
161 1841
160 1841
160 1842
159 1843
158 1842
157 1843
162 1843
163 1844
162 1845
161 1845
160 1846
160 1847
161 1847
162 1848
161 1849
160 1849
159 1850
158 1850
157 1851
156 1850
156 1849
155 1849
155 1850
156 1850
157 1851
154 1854
152 1854
151 1853
151 1859
152 1859
153 1858
156 1858
157 1859
156 1860
155 1860
155 1861
154 1862
153 1862
153 1863
154 1864
154 1866
153 1867
152 1867
151 1868
151 1869
150 1870
151 1870
152 1869
153 1870
153 1872
154 1873
154 1874
155 1875
155 1876
156 1877
155 1878
155 1879
154 1880
152 1878
153 1877
152 1876
151 1877
151 1879
152 1880
153 1880
155 1882
154 1883
153 1883
153 1884
154 1884
155 1883
156 1883
157 1884
158 1884
160 1886
160 1887
162 1887
163 1888
162 1889
161 1889
161 1890
160 1891
160 1892
159 1893
157 1893
157 1895
155 1897
154 1896
152 1896
152 1897
151 1898
151 1900
151 1899
152 1898
154 1898
155 1897
156 1898
157 1897
159 1899
158 1900
157 1900
157 1902
158 1902
158 1900
159 1899
160 1900
160 1901
161 1902
160 1903
160 1904
159 1905
158 1904
157 1904
156 1905
155 1905
155 1906
156 1907
156 1909
155 1910
153 1910
152 1911
153 1911
154 1912
157 1909
158 1910
158 1911
155 1914
155 1915
153 1917
153 1919
152 1920
152 1921
152 1920
153 1919
154 1919
155 1920
155 1921
156 1920
157 1921
158 1921
159 1922
159 1923
161 1923
162 1924
162 1925
161 1926
160 1926
159 1925
159 1928
157 1930
156 1930
155 1931
155 1932
156 1932
157 1933
158 1933
159 1934
159 1935
158 1936
159 1937
161 1937
162 1936
164 1938
163 1939
162 1939
162 1940
163 1941
163 1939
164 1938
165 1939
167 1939
168 1940
168 1941
165 1944
164 1944
163 1945
163 1946
162 1947
164 1947
166 1945
167 1945
170 1942
171 1942
172 1943
172 1944
173 1945
171 1947
171 1948
172 1949
172 1950
170 1952
169 1951
169 1949
168 1949
167 1950
166 1949
166 1948
166 1949
167 1950
167 1952
168 1953
167 1954
166 1954
166 1955
167 1956
168 1956
169 1955
170 1955
171 1956
171 1957
170 1958
170 1959
167 1962
163 1962
162 1961
162 1960
161 1959
160 1959
162 1961
162 1962
161 1963
162 1963
163 1964
166 1964
167 1965
166 1966
165 1966
163 1968
162 1968
162 1969
163 1970
163 1971
162 1972
163 1973
162 1974
162 1976
161 1977
160 1977
160 1982
159 1983
159 1984
160 1983
161 1983
161 1982
162 1981
163 1981
164 1982
164 1984
166 1984
166 1983
165 1983
164 1982
165 1981
168 1981
169 1980
171 1980
172 1979
173 1980
173 1981
172 1982
172 1983
173 1983
175 1981
175 1980
176 1979
177 1979
178 1980
179 1979
180 1979
181 1980
179 1982
179 1983
178 1984
177 1983
176 1983
176 1984
177 1984
178 1985
178 1986
177 1987
176 1986
175 1987
177 1989
175 1991
176 1992
176 1995
178 1995
178 1994
179 1993
179 1992
178 1991
178 1990
177 1989
178 1988
180 1988
181 1987
183 1987
184 1988
184 1989
183 1990
185 1992
185 1993
181 1997
181 1998
180 1999
179 1998
179 1997
178 1997
176 1999
176 2000
176 1999
177 1998
179 2000
174 2005
173 2005
173 2006
172 2007
170 2007
169 2008
170 2009
172 2009
173 2010
173 2011
175 2013
174 2014
173 2014
172 2013
171 2013
171 2014
170 2015
169 2015
169 2016
170 2017
171 2016
172 2016
173 2015
174 2015
175 2016
172 2019
170 2019
170 2020
172 2022
170 2024
169 2024
168 2025
169 2026
170 2026
171 2025
171 2023
172 2022
173 2022
175 2020
175 2019
179 2015
179 2014
182 2011
183 2012
183 2013
182 2014
182 2015
181 2016
181 2018
179 2020
179 2021
178 2022
177 2021
176 2022
177 2022
178 2023
177 2024
175 2024
174 2025
174 2026
173 2027
173 2028
170 2031
169 2031
169 2032
170 2033
170 2034
171 2035
172 2035
175 2038
175 2039
176 2040
175 2041
173 2041
173 2043
172 2044
171 2044
170 2043
168 2043
168 2044
169 2045
169 2047
167 2049
167 2050
168 2050
169 2051
169 2052
167 2054
166 2054
166 2055
165 2056
165 2058
166 2057
168 2059
168 2062
167 2063
166 2063
163 2066
163 2067
164 2067
164 2066
165 2065
167 2065
167 2063
168 2062
169 2062
170 2061
171 2061
172 2060
173 2060
174 2059
176 2061
177 2060
177 2059
179 2057
180 2057
181 2058
180 2059
180 2060
183 2060
183 2059
184 2058
185 2059
186 2059
187 2060
186 2061
185 2061
184 2062
184 2063
183 2064
181 2064
181 2066
179 2068
178 2067
178 2066
179 2065
179 2063
179 2065
178 2066
176 2066
176 2069
175 2070
171 2070
171 2071
172 2072
169 2075
169 2076
170 2076
170 2075
171 2074
172 2074
173 2075
172 2074
172 2073
173 2072
174 2073
177 2073
178 2074
178 2075
177 2076
177 2077
184 2077
185 2078
185 2079
187 2081
186 2082
185 2082
184 2081
183 2082
183 2084
184 2085
182 2087
181 2087
181 2088
179 2090
177 2090
177 2091
178 2092
176 2094
176 2095
178 2093
179 2093
180 2092
180 2091
181 2090
182 2090
184 2088
185 2088
186 2087
187 2088
193 2088
193 2087
194 2086
195 2087
195 2089
194 2090
190 2090
190 2091
192 2091
193 2092
192 2093
190 2093
190 2095
191 2095
192 2096
190 2098
192 2098
193 2099
193 2100
190 2103
188 2103
188 2105
187 2106
186 2105
186 2104
184 2104
184 2105
186 2107
185 2108
183 2108
183 2109
184 2109
185 2110
186 2110
187 2111
186 2112
185 2112
184 2113
183 2112
183 2111
182 2111
182 2112
183 2112
184 2113
181 2116
180 2115
181 2116
179 2118
179 2119
180 2118
181 2118
184 2115
185 2115
186 2114
187 2114
190 2111
191 2111
192 2110
193 2111
193 2112
192 2113
191 2113
191 2115
192 2115
193 2114
198 2114
199 2115
199 2117
200 2118
201 2118
202 2119
202 2120
201 2121
201 2122
202 2122
203 2123
201 2125
200 2125
199 2124
199 2125
198 2126
197 2125
196 2125
197 2126
195 2128
193 2128
192 2127
191 2127
190 2128
189 2127
189 2126
188 2126
187 2125
187 2124
187 2125
188 2126
188 2128
189 2128
190 2129
190 2130
189 2131
188 2131
187 2130
187 2133
188 2133
189 2132
192 2132
194 2130
198 2130
201 2133
201 2134
200 2135
197 2135
198 2136
197 2137
195 2137
192 2140
189 2137
188 2137
188 2138
189 2139
189 2143
188 2144
187 2144
186 2145
195 2145
196 2144
198 2144
199 2143
202 2143
203 2142
205 2142
206 2141
207 2141
208 2140
210 2140
211 2139
213 2139
215 2141
214 2142
213 2142
212 2141
211 2142
210 2142
209 2143
208 2143
211 2143
212 2144
211 2145
208 2145
208 2147
207 2148
207 2149
206 2150
204 2148
203 2148
203 2151
202 2152
202 2154
203 2155
202 2156
202 2157
201 2158
199 2158
198 2159
197 2158
197 2156
195 2156
194 2157
193 2156
193 2153
194 2152
195 2152
196 2151
196 2150
195 2149
195 2148
194 2147
192 2147
192 2148
194 2150
193 2151
190 2151
188 2149
187 2149
188 2150
189 2150
190 2151
190 2152
192 2154
192 2156
191 2157
189 2155
189 2154
188 2154
187 2153
187 2155
186 2156
185 2156
185 2157
186 2157
187 2156
188 2156
189 2157
189 2158
188 2159
190 2159
191 2160
189 2162
189 2165
191 2165
193 2163
196 2163
197 2162
198 2163
197 2162
198 2161
199 2161
200 2160
201 2160
202 2159
203 2159
204 2160
204 2161
205 2161
206 2160
207 2161
207 2164
209 2164
210 2163
210 2160
209 2159
209 2157
211 2155
212 2155
213 2156
214 2156
215 2157
215 2159
214 2160
213 2160
212 2159
213 2158
212 2158
212 2162
214 2162
215 2163
215 2164
214 2165
211 2165
210 2166
207 2166
206 2167
204 2167
203 2166
205 2164
205 2163
203 2163
202 2162
201 2162
201 2164
202 2163
203 2164
203 2165
200 2168
199 2167
199 2166
198 2166
197 2167
197 2169
195 2171
194 2171
195 2172
195 2173
197 2175
198 2175
198 2174
196 2172
197 2171
200 2171
201 2170
202 2171
202 2173
203 2174
203 2176
205 2176
206 2177
206 2178
209 2181
208 2182
207 2182
207 2183
206 2184
204 2182
201 2182
201 2183
204 2186
205 2185
206 2185
207 2186
204 2189
203 2188
202 2188
202 2190
203 2191
205 2191
206 2190
209 2190
210 2189
214 2189
215 2188
218 2188
219 2187
220 2187
221 2188
221 2189
222 2190
223 2190
223 2188
222 2187
223 2186
225 2186
226 2185
227 2186
227 2188
229 2190
228 2191
226 2191
225 2192
224 2192
223 2193
221 2193
220 2192
219 2192
219 2193
220 2194
219 2195
215 2195
215 2196
214 2197
213 2197
212 2198
211 2197
209 2197
208 2196
208 2195
207 2196
207 2197
208 2198
208 2200
209 2199
211 2201
212 2201
214 2199
215 2199
216 2200
217 2200
218 2199
221 2199
222 2198
224 2198
225 2199
225 2206
229 2206
229 2205
230 2204
231 2205
233 2205
233 2204
234 2203
235 2203
236 2202
237 2202
238 2201
239 2201
240 2200
241 2201
247 2201
248 2202
246 2204
245 2204
244 2205
242 2205
241 2206
238 2206
237 2207
233 2207
232 2208
226 2208
225 2209
223 2209
222 2208
223 2207
223 2206
221 2206
220 2207
221 2208
222 2208
223 2209
223 2210
222 2211
222 2213
224 2211
229 2211
230 2212
233 2212
234 2213
233 2214
227 2214
226 2215
225 2215
224 2216
223 2216
222 2215
222 2217
223 2218
225 2218
226 2217
227 2217
228 2218
226 2220
225 2220
224 2221
223 2221
222 2222
221 2222
220 2223
219 2223
219 2225
221 2225
222 2224
223 2224
224 2223
225 2224
225 2225
224 2226
224 2228
223 2229
222 2228
222 2227
220 2227
220 2229
222 2229
223 2230
224 2229
225 2229
226 2230
227 2230
228 2229
230 2229
231 2230
231 2234
230 2235
229 2234
229 2233
228 2233
227 2232
226 2232
226 2235
227 2236
225 2238
225 2241
227 2241
227 2239
228 2238
231 2238
232 2239
231 2240
231 2241
231 2240
232 2239
233 2240
234 2240
234 2239
235 2238
235 2237
236 2236
238 2238
236 2240
236 2242
238 2242
238 2240
241 2237
242 2237
244 2235
248 2235
249 2236
249 2237
250 2238
249 2239
247 2239
246 2240
245 2239
244 2239
243 2240
241 2240
241 2242
240 2243
240 2247
239 2248
238 2248
236 2246
235 2246
235 2247
234 2248
233 2248
232 2249
231 2249
228 2252
226 2252
226 2253
227 2254
229 2252
230 2253
231 2252
232 2252
233 2253
230 2256
227 2256
227 2258
226 2259
225 2259
226 2260
226 2261
227 2262
227 2260
228 2259
230 2261
229 2260
231 2258
231 2257
232 2256
233 2257
233 2262
235 2264
232 2267
231 2267
230 2266
230 2265
231 2264
230 2263
229 2264
228 2264
227 2265
229 2267
229 2268
228 2269
228 2270
232 2270
233 2271
231 2273
230 2273
230 2274
231 2275
232 2275
233 2274
234 2275
240 2275
241 2276
240 2277
239 2277
239 2278
241 2280
241 2281
242 2282
243 2282
244 2281
245 2282
246 2282
247 2283
246 2284
240 2284
240 2286
242 2286
243 2287
242 2288
242 2291
245 2291
246 2290
248 2292
247 2293
245 2293
244 2294
246 2294
247 2295
248 2294
249 2295
249 2296
250 2296
251 2297
251 2296
250 2295
251 2294
253 2294
252 2294
251 2293
252 2292
254 2292
255 2293
255 2294
258 2294
259 2295
257 2297
255 2297
253 2299
252 2299
249 2302
249 2304
251 2304
252 2303
254 2305
253 2306
252 2306
251 2307
250 2306
249 2306
248 2307
248 2308
247 2309
247 2310
248 2311
248 2312
249 2313
250 2313
250 2312
251 2311
252 2312
256 2312
257 2313
255 2315
253 2315
253 2317
254 2318
253 2319
252 2319
252 2321
253 2322
252 2323
251 2323
252 2323
253 2324
254 2324
255 2323
256 2323
257 2324
253 2328
253 2329
254 2330
253 2331
252 2331
251 2330
251 2329
251 2330
250 2331
250 2333
251 2332
252 2333
253 2333
254 2332
255 2333
256 2333
258 2335
258 2336
259 2336
261 2334
262 2335
262 2336
260 2338
260 2342
261 2343
260 2342
261 2341
264 2341
265 2340
266 2341
266 2342
265 2343
264 2343
264 2344
265 2345
264 2346
264 2347
264 2346
265 2345
267 2347
267 2348
265 2350
264 2350
263 2351
260 2351
261 2352
261 2353
262 2354
262 2357
260 2359
260 2361
259 2362
258 2361
258 2359
256 2359
255 2360
253 2360
253 2362
252 2363
253 2364
253 2366
252 2367
251 2367
250 2366
250 2368
251 2369
250 2370
249 2370
248 2369
247 2369
247 2370
249 2372
251 2372
251 2370
253 2368
254 2369
254 2371
259 2371
260 2372
260 2374
261 2374
263 2372
262 2371
263 2370
265 2370
266 2371
266 2373
263 2376
262 2376
263 2376
265 2378
266 2378
266 2377
267 2376
269 2378
269 2379
271 2379
272 2378
275 2378
275 2377
273 2375
273 2374
274 2373
275 2373
276 2372
277 2372
278 2373
278 2372
277 2371
277 2370
278 2369
279 2370
279 2369
281 2367
282 2367
283 2366
284 2366
285 2367
285 2368
284 2369
283 2369
283 2370
284 2371
285 2371
286 2372
287 2372
288 2373
290 2373
291 2374
291 2375
293 2375
294 2376
294 2378
295 2379
295 2380
294 2381
295 2382
293 2384
293 2385
292 2386
292 2387
290 2389
289 2388
290 2389
290 2390
292 2388
294 2388
296 2390
296 2392
294 2394
294 2395
295 2396
295 2397
294 2398
292 2398
291 2399
1079 2399
1079 1689
1078 1689
1077 1688
1076 1688
1075 1687
1074 1687
1073 1686
1072 1686
1071 1685
1070 1685
1069 1684
1068 1684
1065 1681
1064 1681
1061 1678
1060 1678
1059 1677
1058 1677
1057 1676
1056 1676
1055 1675
1054 1675
1053 1674
1052 1674
1051 1673
1050 1673
1047 1670
1046 1670
1044 1668
1043 1668
1042 1667
1041 1667
1040 1666
1039 1666
1038 1665
1037 1665
1036 1664
1034 1664
1032 1662
1031 1662
1028 1659
1027 1659
1026 1658
1025 1658
1023 1656
1021 1656
1020 1655
1019 1655
1018 1654
1016 1654
1015 1653
1014 1653
1013 1652
1011 1652
1009 1650
1007 1650
1006 1649
1005 1649
1004 1648
1002 1648
1001 1647
997 1647
996 1646
994 1646
993 1645
992 1645
991 1644
990 1644
989 1643
988 1643
986 1641
985 1641
980 1636
979 1636
971 1628
970 1628
967 1625
966 1625
964 1623
964 1622
963 1621
962 1621
958 1617
957 1617
948 1608
947 1608
945 1606
945 1605
943 1603
942 1603
941 1602
941 1601
940 1600
939 1600
935 1596
935 1595
934 1594
933 1594
932 1593
932 1592
917 1577
917 1576
911 1570
910 1570
907 1567
906 1567
905 1566
904 1566
895 1557
895 1556
892 1553
892 1552
890 1550
890 1548
889 1547
889 1546
887 1544
887 1543
886 1542
886 1541
885 1540
885 1539
883 1537
883 1536
881 1534
881 1533
880 1532
880 1531
879 1530
879 1528
877 1526
877 1525
876 1524
876 1523
875 1522
875 1521
874 1520
874 1519
873 1518
873 1517
872 1516
872 1515
871 1514
871 1513
870 1512
870 1511
869 1510
869 1509
868 1508
868 1506
867 1505
867 1504
866 1503
866 1501
865 1500
865 1499
864 1498
864 1497
863 1496
863 1494
862 1493
862 1492
861 1491
861 1489
860 1488
860 1487
858 1485
858 1483
857 1482
857 1480
856 1479
856 1477
854 1475
854 1474
853 1473
853 1471
852 1470
852 1467
851 1466
851 1465
850 1464
850 1463
848 1461
848 1459
847 1458
847 1455
846 1454
846 1453
845 1452
845 1451
844 1450
844 1449
843 1448
843 1446
842 1445
842 1442
840 1440
840 1439
839 1438
840 1437
840 1436
839 1436
838 1435
838 1434
837 1433
838 1432
837 1431
837 1430
836 1429
835 1429
834 1428
834 1426
833 1425
835 1423
834 1422
833 1423
830 1423
829 1422
829 1421
830 1420
831 1420
829 1418
829 1417
827 1415
827 1414
824 1411
825 1410
825 1408
823 1406
821 1406
820 1405
821 1404
821 1402
820 1401
820 1400
819 1399
820 1398
820 1397
819 1396
819 1394
820 1393
820 1392
819 1391
819 1390
817 1388
817 1384
816 1384
815 1383
816 1382
816 1379
818 1377
817 1376
815 1376
814 1375
815 1374
815 1373
816 1372
817 1372
817 1370
816 1369
815 1369
814 1368
818 1364
817 1364
815 1362
815 1359
816 1358
816 1355
817 1354
817 1350
818 1349
819 1349
818 1349
817 1350
816 1350
815 1349
815 1348
816 1347
814 1345
816 1343
818 1345
819 1345
817 1343
816 1343
815 1342
818 1339
819 1339
819 1338
817 1336
817 1327
816 1326
816 1319
817 1318
815 1316
815 1313
816 1312
816 1311
814 1309
814 1308
815 1307
815 1303
814 1302
815 1301
815 1298
814 1297
814 1295
815 1294
815 1288
817 1286
816 1285
816 1284
817 1283
818 1284
819 1283
819 1280
820 1279
820 1278
821 1277
825 1277
826 1276
828 1276
828 1275
829 1274
829 1272
828 1272
827 1271
827 1270
824 1267
824 1264
825 1263
824 1262
824 1261
825 1260
825 1259
826 1258
825 1257
825 1256
824 1255
824 1252
823 1251
823 1250
824 1249
824 1247
823 1246
824 1245
824 1243
825 1242
825 1235
826 1234
825 1233
825 1219
826 1218
826 1216
827 1215
827 1214
828 1213
828 1212
829 1211
829 1210
839 1200
840 1200
841 1199
842 1199
843 1198
843 1196
844 1195
846 1195
845 1194
847 1192
847 1191
848 1190
848 1189
849 1188
850 1188
851 1187
851 1186
854 1183
854 1181
856 1179
856 1178
855 1178
854 1177
854 1175
853 1174
854 1173
855 1173
856 1174
857 1174
858 1173
858 1171
857 1170
858 1169
859 1169
860 1170
861 1170
861 1169
860 1168
860 1166
859 1165
859 1164
860 1163
861 1163
863 1161
863 1160
864 1159
864 1158
863 1157
863 1156
862 1155
862 1154
863 1153
864 1154
865 1153
865 1151
863 1149
864 1148
865 1148
865 1147
866 1146
865 1145
867 1143
867 1142
866 1141
866 1139
867 1138
867 1137
868 1136
867 1135
868 1134
868 1132
870 1130
870 1127
871 1126
872 1126
872 1125
876 1121
877 1121
877 1120
876 1119
877 1118
878 1118
879 1119
880 1118
879 1118
878 1117
880 1115
881 1116
881 1115
882 1114
884 1114
882 1112
882 1110
883 1109
885 1111
886 1111
886 1108
885 1109
882 1106
882 1104
884 1102
889 1102
889 1101
888 1100
889 1099
890 1099
891 1098
891 1097
889 1095
890 1094
891 1094
891 1093
890 1092
890 1091
891 1090
892 1090
891 1089
891 1088
890 1088
889 1087
891 1085
891 1084
890 1083
888 1085
887 1084
887 1082
888 1081
889 1081
889 1080
888 1081
887 1081
885 1079
885 1078
884 1077
884 1076
883 1076
881 1074
881 1073
880 1072
880 1063
881 1062
881 1060
882 1059
882 1058
885 1055
885 1054
886 1053
886 1052
887 1051
887 1050
892 1045
892 1044
893 1043
894 1043
895 1042
895 1041
897 1039
899 1039
901 1037
902 1037
903 1036
904 1036
906 1034
907 1034
909 1032
909 1031
912 1028
912 1027
913 1026
913 1024
915 1022
915 1021
916 1020
916 1019
917 1018
917 1017
918 1016
918 1014
920 1012
920 1011
922 1009
922 1008
925 1005
925 1004
927 1002
927 1001
929 999
929 998
931 996
931 995
933 993
933 992
935 990
935 989
936 988
936 987
937 986
937 985
938 984
938 983
939 982
939 981
940 980
940 978
941 977
941 976
942 975
942 974
943 973
943 971
944 970
944 969
945 968
945 966
946 965
946 962
947 961
947 959
948 958
948 956
949 955
949 952
950 951
950 944
949 943
950 942
950 940
951 939
951 938
952 937
952 936
953 935
953 933
954 932
954 931
955 930
955 928
956 927
956 926
957 925
957 924
958 923
958 922
959 921
959 920
960 919
960 917
961 916
961 915
962 914
962 913
963 912
963 911
964 910
964 908
965 907
965 906
966 905
966 903
967 902
967 901
968 900
968 898
969 897
969 896
970 895
970 894
971 893
971 892
972 891
972 889
973 888
973 887
974 886
974 885
975 884
975 883
976 882
976 880
977 879
977 877
978 876
978 874
979 873
979 871
980 870
980 867
981 866
981 862
982 861
982 858
983 857
983 854
984 853
984 851
985 850
985 847
986 846
986 843
987 842
987 839
988 838
988 833
989 832
989 827
990 826
990 824
991 823
991 819
992 818
992 814
993 813
993 809
994 808
994 804
995 803
995 799
996 798
996 794
997 793
997 789
998 788
998 784
999 783
999 779
1000 778
1000 774
1001 773
1001 766
1002 765
1002 733
1001 732
1001 717
1000 716
1000 709
999 708
999 704
998 703
998 701
997 700
997 699
996 698
996 697
995 696
995 695
994 694
994 693
993 692
993 691
991 689
991 688
989 686
989 685
987 683
987 682
981 676
981 675
978 672
977 672
974 669
973 669
972 668
971 668
969 666
967 666
966 665
964 665
963 664
962 664
961 663
959 663
958 662
955 662
954 661
951 661
950 660
937 660
936 659
937 658
939 658
940 657
944 657
945 658
946 657
947 657
948 658
952 658
952 657
945 657
944 656
943 657
942 657
941 656
939 656
938 655
935 655
935 656
934 657
933 657
930 654
929 654
928 655
923 655
922 654
921 655
920 655
919 654
918 655
917 655
916 656
913 656
912 657
911 657
910 658
909 658
908 659
905 659
904 660
903 660
902 659
895 659
894 660
892 660
891 661
881 661
880 660
878 660
877 661
876 661
875 662
874 662
872 664
872 667
867 672
866 672
864 674
863 674
862 675
861 675
860 674
859 674
857 676
855 676
855 677
856 678
855 679
853 679
852 678
851 678
851 679
850 680
849 680
849 681
848 682
847 681
846 682
845 682
845 684
844 685
843 685
843 687
842 688
841 688
840 689
839 688
839 687
840 686
841 686
841 685
839 687
836 687
834 689
832 689
831 690
830 690
828 692
826 692
826 693
825 694
824 694
825 695
824 696
822 696
821 697
820 696
819 696
818 697
817 697
817 698
815 700
815 701
816 702
816 703
815 704
814 703
812 703
812 704
811 705
810 705
811 706
811 707
810 708
810 709
812 711
812 712
811 713
811 715
812 716
811 717
811 718
810 719
810 720
811 721
810 722
808 722
807 723
807 724
806 725
805 725
804 726
805 727
804 728
802 728
802 729
800 731
798 731
798 732
797 733
797 734
798 735
797 736
796 736
795 737
793 737
793 738
792 739
791 739
790 740
789 740
787 742
785 742
784 743
783 743
783 744
781 746
780 746
779 747
779 748
778 749
776 749
776 750
774 752
774 753
773 754
772 754
771 755
769 755
767 757
765 757
764 758
763 758
763 759
760 762
759 762
759 767
758 768
756 768
756 769
755 770
754 770
754 771
753 772
751 772
749 774
750 775
749 776
748 776
747 775
747 776
746 777
745 777
743 779
742 779
742 781
743 782
742 783
741 783
740 782
739 782
739 783
741 785
740 786
739 786
737 784
736 784
737 785
736 786
733 786
734 786
735 787
734 788
734 790
733 791
731 789
730 789
728 791
728 792
729 792
730 793
729 794
727 794
727 795
728 796
727 797
725 797
724 796
723 796
721 794
720 795
720 796
719 797
716 797
715 798
719 798
721 800
721 801
720 802
719 802
718 801
718 800
716 800
715 801
714 801
713 800
711 800
710 801
711 802
711 803
710 804
709 804
708 803
708 804
707 805
706 804
704 804
703 805
702 805
701 806
695 806
693 808
690 808
690 809
688 811
686 811
685 812
685 813
684 814
683 814
682 813
679 813
679 814
678 815
677 815
676 814
676 813
674 813
673 812
673 810
675 808
676 809
677 809
678 808
678 807
679 806
680 806
680 805
681 804
683 804
683 802
684 801
685 801
683 799
684 798
685 798
686 797
686 791
687 790
688 791
688 792
689 793
689 791
690 790
691 791
691 789
692 788
693 789
694 789
694 787
695 786
696 786
697 785
698 785
699 784
700 784
702 782
703 782
703 781
701 779
701 778
702 777
702 776
701 777
700 777
699 776
701 774
702 774
705 771
706 771
707 770
708 770
710 768
712 770
710 772
708 772
708 773
706 775
707 776
709 774
710 775
710 774
711 773
713 773
713 772
712 771
712 770
713 769
716 769
716 768
718 766
716 766
715 765
716 764
717 764
719 762
720 762
721 761
722 762
722 763
721 764
720 764
720 765
721 765
721 764
722 763
724 763
725 764
726 764
726 761
727 760
731 760
732 761
733 760
732 759
732 755
734 753
735 754
735 755
736 756
737 756
738 757
737 758
735 758
735 759
736 760
738 758
738 757
739 756
742 756
742 754
743 753
746 753
746 752
747 751
748 751
749 750
757 750
760 747
761 747
762 746
763 746
763 745
764 744
765 744
767 742
770 742
772 740
772 739
773 738
774 739
776 739
776 738
777 737
777 735
778 734
779 734
781 732
783 732
784 731
786 731
788 729
789 729
789 728
791 726
792 726
792 724
791 723
791 722
792 721
793 721
794 720
794 719
799 714
799 713
798 713
798 714
797 715
795 715
793 717
791 715
792 716
792 717
791 718
790 718
789 717
788 717
786 719
783 719
783 720
785 722
784 723
783 723
782 722
781 723
780 723
779 722
777 722
777 723
776 724
775 724
774 725
773 725
772 726
771 725
771 724
772 723
773 723
774 722
775 722
774 722
773 723
772 723
770 725
769 725
768 724
769 725
769 726
768 727
767 727
766 728
764 728
763 727
762 727
762 728
761 729
761 730
759 732
759 733
753 739
751 739
750 740
751 741
750 742
749 742
748 741
749 742
748 743
747 743
745 745
743 745
742 746
741 746
740 747
739 747
738 748
737 748
735 750
734 750
733 751
732 751
731 752
730 752
729 753
728 753
726 755
725 755
723 757
722 757
720 759
719 759
718 760
717 760
715 762
714 762
712 764
711 764
710 765
709 765
706 768
705 768
703 770
702 770
700 772
699 772
697 774
696 774
693 777
692 777
690 779
689 779
686 782
685 782
679 788
678 788
677 789
676 789
676 790
674 792
673 792
669 796
668 795
668 794
667 795
668 795
669 796
668 797
667 797
666 798
665 797
664 797
664 798
663 799
663 800
662 801
662 802
660 804
659 804
657 806
654 806
652 808
651 808
650 807
648 807
647 808
646 808
645 809
644 809
642 811
643 812
641 814
640 814
639 815
638 814
637 814
636 815
637 816
635 818
632 818
631 819
631 820
630 821
629 821
625 825
624 825
623 826
622 826
621 827
615 827
614 826
615 825
615 824
617 822
617 821
616 820
617 819
618 819
619 820
619 819
618 818
618 817
619 816
620 816
622 814
621 813
621 812
623 810
624 811
624 812
624 811
623 810
623 809
625 807
625 806
626 805
626 804
630 800
630 799
631 798
631 797
632 796
633 797
633 798
635 796
635 795
636 794
637 794
637 792
638 791
639 791
639 789
640 788
638 790
638 791
636 793
635 792
635 791
636 790
636 789
639 786
639 785
641 783
641 782
644 779
645 780
646 780
648 778
648 777
651 774
651 773
652 772
652 771
655 768
655 767
657 765
657 764
660 761
660 760
661 759
661 758
663 756
663 755
665 753
665 751
667 749
668 749
667 749
665 751
665 752
664 753
664 754
661 757
661 758
659 760
658 759
658 758
659 757
659 756
662 753
662 752
663 751
663 750
667 746
667 745
668 744
668 743
671 740
671 739
672 738
672 737
675 734
675 733
677 731
678 732
677 731
677 730
678 729
678 728
680 726
680 725
682 723
682 722
683 721
684 722
684 723
685 722
685 721
684 722
683 721
683 720
686 717
687 718
687 720
688 720
689 719
689 718
690 717
690 716
689 716
687 718
686 717
686 716
687 715
687 714
690 711
690 710
691 709
692 710
693 710
694 709
695 709
695 708
693 708
692 707
695 704
698 704
698 702
697 703
696 702
696 701
699 698
699 697
700 696
700 695
702 693
703 694
703 695
702 696
702 697
704 697
705 696
706 696
707 695
707 694
709 692
709 691
707 689
708 688
708 686
707 685
707 684
705 684
704 683
703 684
703 685
701 687
701 688
702 689
700 691
700 692
699 693
697 693
697 696
695 698
695 699
693 701
693 702
690 705
690 706
688 708
688 709
687 710
687 711
684 714
684 715
683 716
683 717
680 720
680 721
678 723
678 724
676 726
676 727
675 728
675 729
673 731
673 732
671 734
671 735
669 737
669 738
666 741
666 742
665 743
665 744
662 747
662 748
661 749
661 750
659 752
658 751
658 750
659 749
659 748
660 747
660 746
662 744
662 743
663 742
663 741
664 740
663 739
663 741
662 742
660 740
660 739
662 737
661 737
658 740
658 741
657 742
657 744
660 747
659 748
658 748
656 746
655 746
655 748
656 748
657 749
657 751
658 751
659 752
659 753
657 755
657 756
655 758
655 759
652 762
652 763
650 765
649 764
649 763
650 762
650 761
652 759
652 758
655 755
655 751
654 751
653 750
653 751
654 752
652 754
650 754
650 756
648 758
648 760
645 763
645 764
644 765
644 766
642 768
642 769
640 771
640 774
635 779
635 780
636 781
635 782
634 782
634 785
633 786
631 786
630 787
630 789
629 790
628 790
628 793
627 794
626 794
626 795
627 795
628 794
629 795
629 796
627 798
626 798
625 797
624 797
624 799
625 800
625 801
624 802
623 801
622 801
622 802
621 803
620 803
620 804
618 806
618 807
619 807
620 808
620 809
618 811
617 810
617 809
614 812
614 813
612 815
612 816
609 819
609 820
606 823
606 824
605 825
604 825
603 826
597 826
596 825
593 825
591 823
592 822
592 821
591 820
591 819
592 818
592 815
593 814
593 811
594 810
594 807
595 806
595 804
596 803
596 798
597 797
597 793
598 792
598 786
599 785
598 784
599 783
599 782
600 781
599 780
600 779
600 776
601 775
601 769
602 768
602 762
603 761
603 730
604 729
605 729
604 729
603 728
603 727
604 726
604 725
603 724
603 723
605 721
604 720
604 719
602 717
602 716
601 715
601 712
602 711
603 712
603 713
604 713
604 712
603 712
602 711
604 709
603 708
602 708
602 709
601 710
600 709
600 707
599 706
599 703
600 702
601 703
601 705
602 706
603 706
603 704
602 703
602 701
603 700
603 699
602 698
602 697
603 696
604 696
604 695
603 695
603 696
602 697
601 697
600 696
600 702
599 703
598 702
598 696
597 695
597 693
598 692
599 693
601 691
602 691
603 690
604 691
604 690
603 690
601 688
601 684
602 683
601 682
600 682
599 683
598 682
598 681
600 679
601 680
602 680
602 679
601 679
599 677
599 678
598 679
597 678
597 676
596 676
594 674
595 673
596 673
597 674
598 674
597 673
597 672
596 671
596 670
594 668
595 667
595 666
593 664
594 663
595 663
597 665
596 664
596 662
594 660
594 657
593 658
593 659
592 660
591 659
591 657
592 656
592 655
593 654
592 655
592 656
591 657
589 657
589 659
590 660
589 661
589 662
590 663
590 664
589 665
585 665
585 666
584 667
583 667
582 668
581 667
581 666
582 665
582 664
581 664
579 666
577 664
576 665
576 666
577 666
578 667
577 668
576 668
576 670
577 671
578 671
578 669
579 668
580 668
581 669
581 670
582 669
585 672
585 673
586 674
585 675
583 675
583 676
582 677
581 677
579 675
578 675
578 678
576 680
576 682
574 684
574 685
576 685
576 684
577 683
578 683
580 681
581 682
581 684
580 685
580 686
581 686
581 685
582 684
584 684
585 683
585 682
583 682
582 681
582 680
583 679
585 679
586 680
587 680
589 682
589 683
589 681
590 680
591 681
591 683
592 684
592 685
593 686
593 690
594 691
594 694
595 695
595 699
594 700
593 699
593 697
593 699
594 700
593 701
593 703
594 704
592 706
591 706
591 707
590 708
592 710
592 712
593 711
594 712
594 714
593 715
592 715
592 717
594 719
594 720
595 721
594 722
593 722
593 726
592 727
593 728
593 729
592 730
593 729
594 729
595 730
593 732
593 733
594 733
595 734
594 735
592 735
593 736
594 735
595 736
596 736
598 738
598 739
596 741
595 741
593 739
592 739
593 740
593 741
594 742
594 743
595 743
596 742
597 742
598 741
598 734
597 733
597 729
598 728
598 727
596 725
597 724
597 721
595 719
595 717
596 716
596 715
595 714
595 713
596 712
595 711
595 706
596 705
597 706
597 710
598 711
598 717
599 718
599 725
600 726
600 757
599 758
599 766
598 767
598 773
597 774
597 780
596 781
596 788
595 789
595 793
594 794
594 796
593 797
592 796
592 790
593 789
593 788
594 787
593 786
593 784
594 783
593 782
593 781
594 780
594 778
595 777
595 775
594 774
596 772
596 771
594 771
594 773
593 774
592 773
592 769
593 768
594 768
595 767
596 768
596 764
597 763
597 754
598 753
597 752
597 747
598 746
598 744
598 745
597 746
594 746
594 747
593 748
593 749
592 750
592 751
590 753
587 753
586 754
588 756
586 758
586 760
585 761
584 761
584 763
585 764
585 766
586 767
586 768
586 764
587 763
589 765
589 794
588 795
588 800
587 801
587 806
586 807
586 810
585 811
585 814
584 815
584 817
582 819
582 820
580 822
578 822
577 821
575 821
574 820
573 820
572 819
565 819
564 818
561 818
560 817
558 817
557 816
556 816
554 814
553 814
552 813
516 813
515 814
482 814
481 815
478 815
477 816
474 816
473 817
452 817
451 818
446 818
445 817
440 817
439 816
438 816
435 813
430 813
429 814
428 813
425 813
424 812
423 812
421 810
419 810
418 809
418 807
417 806
417 804
416 803
416 800
414 800
414 806
413 807
413 810
412 811
411 810
411 806
412 805
412 797
413 796
413 789
414 788
414 784
415 783
415 776
416 775
416 767
417 766
417 760
418 759
419 760
419 762
420 763
420 765
419 766
419 774
418 775
418 782
417 783
417 786
416 787
416 790
417 791
417 792
416 793
415 793
415 796
416 796
417 797
417 794
418 793
418 791
417 790
417 788
418 787
417 786
419 784
418 783
420 781
420 780
419 780
418 779
418 777
419 776
420 776
420 775
419 774
419 773
421 771
420 770
420 769
421 768
421 767
423 765
422 764
424 762
424 761
425 760
424 759
424 758
425 757
426 757
426 755
425 755
424 754
424 749
422 749
421 750
421 753
420 754
419 753
419 749
420 748
420 743
421 742
421 736
422 735
422 730
423 729
423 725
424 724
424 720
425 719
425 713
426 712
426 708
427 707
427 705
428 704
428 700
429 699
429 696
430 695
430 689
431 688
431 687
432 686
432 684
433 683
433 680
434 679
434 674
433 675
433 676
432 677
432 679
431 680
431 682
430 683
430 686
429 687
429 690
428 691
428 693
427 694
427 696
426 697
426 700
425 701
425 705
424 706
424 709
423 710
423 716
422 717
422 721
421 722
421 725
420 726
420 732
419 733
419 736
417 738
416 737
416 738
415 739
412 739
412 740
414 740
415 739
416 740
417 739
418 740
418 742
417 743
417 749
416 750
416 754
415 755
414 754
414 749
415 748
415 742
413 744
413 745
412 746
411 746
410 747
410 749
409 750
409 751
410 752
410 756
411 757
411 759
413 759
413 755
414 754
415 755
415 762
414 763
414 770
413 771
413 777
412 778
412 783
411 784
411 787
410 788
409 788
408 787
408 786
409 785
409 780
410 779
410 776
411 775
411 769
412 768
412 767
410 767
408 769
408 770
407 771
407 772
409 770
410 770
411 771
410 772
410 773
409 774
408 774
407 775
407 776
408 777
407 778
407 779
406 780
407 780
408 779
409 780
409 783
408 784
408 785
407 786
408 787
407 788
406 788
406 789
405 790
406 791
406 792
403 795
403 796
402 797
401 797
398 800
397 799
397 798
398 797
398 796
397 797
397 798
396 799
395 798
395 796
396 795
395 794
395 793
396 792
397 793
397 792
394 789
394 791
393 792
392 791
392 782
391 781
392 780
394 780
394 779
395 778
396 778
396 777
398 775
398 774
397 774
395 776
393 774
393 773
394 772
395 772
396 771
396 770
397 769
398 769
398 764
397 764
397 765
398 766
397 767
396 767
395 766
394 766
394 767
393 768
392 768
391 767
392 766
392 764
393 763
394 763
395 762
397 762
397 760
396 759
398 757
398 756
396 758
395 758
394 757
396 755
396 754
397 753
397 752
398 751
398 749
397 748
397 746
396 745
396 743
390 737
388 737
387 736
387 735
386 734
386 733
384 731
385 730
386 730
386 728
385 727
385 724
384 723
384 721
383 721
381 719
380 719
379 720
379 722
380 722
381 721
382 722
382 725
381 726
380 726
379 725
379 724
378 725
380 727
381 727
382 726
383 727
383 728
382 729
381 729
381 730
382 731
381 732
380 732
380 733
381 734
379 736
379 737
381 739
379 741
378 740
378 742
379 743
379 744
380 745
379 746
379 749
380 750
379 751
379 754
378 755
377 754
377 753
375 753
374 754
372 752
372 751
373 750
374 751
375 750
372 747
373 746
372 745
372 743
373 742
372 742
371 741
372 740
372 739
370 739
368 737
369 736
369 734
368 735
367 735
366 734
366 733
367 732
367 730
368 729
368 727
366 727
365 726
367 724
367 722
366 723
365 723
364 722
364 721
365 720
365 718
364 718
364 719
363 720
362 719
362 716
360 714
360 713
359 712
357 712
356 711
355 712
356 713
357 712
358 713
358 714
357 715
355 715
354 716
353 716
352 715
352 714
351 713
349 715
351 715
352 716
352 718
353 718
354 717
355 717
356 716
358 716
360 718
359 719
355 719
355 722
353 724
353 725
355 725
355 722
356 721
358 723
358 725
359 726
359 729
360 730
360 731
361 732
361 734
362 735
362 736
361 737
360 737
360 738
361 739
361 740
360 741
360 742
362 742
363 743
363 744
362 745
361 745
361 747
360 748
358 746
357 746
351 740
350 740
349 739
349 738
348 737
346 737
345 736
345 733
344 732
343 732
342 733
341 732
341 731
340 730
340 727
339 727
337 725
336 726
335 725
335 724
334 723
334 722
333 722
330 719
329 719
315 705
315 703
316 702
316 700
314 698
314 697
313 696
310 696
309 695
309 694
307 692
306 692
306 693
305 694
304 693
304 692
303 691
303 690
299 686
298 686
297 685
297 684
295 682
292 682
291 681
291 679
289 677
288 677
283 672
282 673
281 672
281 671
275 665
273 665
269 661
267 661
266 660
266 659
264 657
263 657
262 656
261 656
260 655
258 655
257 654
257 653
255 651
252 651
250 649
249 649
248 648
245 648
243 646
242 646
241 645
238 645
237 644
235 644
234 643
232 643
231 642
228 642
227 641
223 641
222 640
214 640
213 639

