236 2371
235 2372
199 2372
198 2373
87 2373
86 2372
85 2372
88 2375
88 2376
121 2376
122 2377
124 2377
125 2376
127 2376
128 2377
134 2377
135 2378
136 2378
137 2377
138 2378
143 2378
144 2379
147 2379
148 2380
148 2381
152 2381
153 2382
155 2382
156 2383
160 2383
161 2384
161 2385
159 2387
115 2387
113 2385
93 2385
93 2391
92 2392
75 2392
73 2390
60 2390
59 2389
53 2389
51 2387
50 2387
53 2390
53 2391
54 2392
55 2392
56 2393
56 2394
55 2395
57 2397
57 2398
58 2399
595 2399
594 2398
594 2397
593 2396
593 2395
590 2392
590 2389
589 2388
589 2386
587 2384
587 2382
588 2381
586 2379
586 2373
556 2373
555 2372
552 2372
551 2373
550 2372
536 2372
535 2371
328 2371
327 2372
287 2372
286 2371
285 2372
283 2372
282 2371

403 576
403 577
404 578
404 581
405 582
405 583
406 584
406 586
407 587
407 588
408 589
408 591
409 592
409 595
410 596
410 600
411 601
411 604
412 605
412 612
413 613
413 630
414 631
414 632
413 633
413 652
412 653
411 652
411 646
410 647
410 655
411 656
411 662
410 663
410 670
409 671
409 676
408 677
408 681
407 682
407 683
408 684
407 685
407 689
406 690
406 696
405 697
405 704
404 705
403 705
402 706
401 706
399 704
399 701
398 700
398 695
397 694
397 693
395 691
395 688
394 687
394 685
393 684
393 683
392 682
392 681
391 680
391 679
390 678
390 677
389 676
389 675
385 671
385 670
383 668
382 668
382 672
383 673
383 675
384 676
384 679
385 680
385 682
386 683
386 685
387 686
387 689
388 690
388 691
389 692
389 694
390 695
390 696
391 697
391 699
390 700
390 701
389 702
388 701
388 699
387 698
387 696
386 695
386 694
385 693
385 692
384 691
384 690
383 689
383 688
382 687
382 685
381 684
381 683
380 682
380 679
379 678
379 677
378 676
378 675
377 674
377 673
376 672
376 671
375 670
375 669
374 668
374 667
370 663
369 663
368 664
367 663
367 662
366 662
365 661
365 660
358 653
357 653
353 649
352 649
351 648
348 648
349 649
349 650
350 651
350 653
351 654
351 655
352 655
355 658
355 659
356 660
357 660
363 666
363 667
365 669
365 670
368 673
368 674
369 675
369 676
370 677
370 679
371 680
371 681
373 683
372 684
373 685
373 687
374 688
374 691
375 692
375 693
376 694
376 696
377 697
377 698
378 699
378 704
376 706
373 706
369 702
369 701
368 700
368 699
367 698
367 697
366 696
366 695
365 694
365 693
354 682
353 682
352 681
350 681
350 685
351 686
351 689
356 694
356 695
359 698
360 698
362 700
362 701
363 702
363 704
362 705
362 706
361 707
360 707
359 708
358 708
357 709
354 709
353 710
348 710
347 711
346 711
345 712
343 712
342 713
337 713
336 712
336 706
337 705
337 700
338 699
338 696
339 695
339 686
340 685
340 673
341 672
340 671
340 669
341 668
341 665
340 664
340 647
339 646
339 640
338 639
338 635
337 634
337 631
336 630
336 628
335 627
335 625
334 624
334 622
333 621
333 620
332 619
332 617
331 616
331 615
330 614
330 613
329 612
329 611
328 610
328 609
327 608
327 607
325 605
325 604
323 602
323 601
318 596
316 596
316 599
317 600
317 601
318 602
318 603
320 605
320 606
321 607
321 608
323 610
323 611
324 612
324 613
325 614
325 616
326 617
326 618
327 619
327 620
328 621
328 622
329 623
329 626
330 627
330 629
331 630
331 633
332 634
332 637
333 638
333 642
334 643
334 648
335 649
335 682
334 683
334 688
333 689
332 688
332 679
333 678
333 676
332 675
331 676
331 678
330 679
331 680
331 681
330 682
329 682
328 681
328 684
329 685
329 687
330 688
330 692
331 693
331 699
330 700
330 705
329 706
329 708
328 709
328 711
327 712
327 713
326 714
326 715
323 718
322 718
321 719
319 719
318 720
315 720
314 719
314 715
313 714
313 709
312 708
312 704
311 703
311 698
310 698
309 697
309 693
308 692
308 689
307 688
307 687
306 686
306 683
305 682
305 680
304 679
304 677
303 676
303 674
302 673
302 671
301 670
301 668
300 667
300 665
299 664
299 661
298 660
298 659
297 658
297 657
296 656
296 654
295 653
295 652
294 651
294 649
293 648
293 647
292 646
292 644
291 643
291 642
290 641
290 639
288 637
288 636
287 635
287 634
286 633
286 632
284 630
284 629
283 628
283 627
282 626
282 625
280 623
280 622
278 620
278 619
274 615
273 615
272 614
271 615
271 616
272 617
272 618
273 619
273 620
274 621
274 622
275 623
275 624
276 625
276 626
278 628
278 629
279 630
279 631
280 632
280 633
281 634
281 635
282 636
282 637
283 638
283 639
284 640
284 641
285 642
285 644
286 645
286 646
288 648
288 650
289 651
289 652
290 653
290 655
291 656
291 658
292 659
292 660
293 661
293 662
294 663
294 665
295 666
295 669
296 670
296 672
297 673
297 674
298 675
298 677
299 678
299 681
300 682
300 685
301 686
301 689
302 690
302 692
303 693
303 696
304 697
304 700
305 701
305 705
306 706
306 717
305 718
305 719
302 722
298 722
297 721
293 721
290 718
290 717
288 715
289 714
289 713
286 710
285 710
285 711
284 712
279 707
278 707
274 703
273 703
270 700
269 700
266 697
265 697
263 695
262 695
260 693
259 693
257 691
256 691
255 690
254 690
252 688
251 688
250 687
249 687
248 686
247 686
246 685
245 685
244 684
243 684
242 683
241 683
240 682
238 682
237 681
236 681
235 680
234 680
233 679
232 679
231 678
229 678
228 677
227 677
226 676
224 676
223 675
221 675
220 674
218 674
217 673
214 673
213 672
211 672
210 671
206 671
205 670
199 670
198 669
197 670
192 670
192 672
193 673
193 674
194 675
198 675
199 676
203 676
204 677
209 677
210 678
212 678
213 679
215 679
216 680
218 680
219 681
222 681
224 683
224 684
225 685
230 685
231 686
232 686
233 687
234 687
235 688
236 688
238 690
239 690
240 691
241 691
242 692
243 692
245 694
245 695
246 696
247 695
248 696
249 696
250 697
249 698
251 698
252 699
253 699
255 701
256 701
257 702
258 702
263 707
264 707
266 709
266 710
267 710
270 713
270 714
275 719
275 720
276 721
276 723
278 725
278 726
282 730
281 731
281 732
279 734
277 732
277 730
275 728
275 727
273 725
273 724
270 721
269 721
270 722
268 724
262 718
261 718
255 712
254 712
252 710
251 710
249 708
248 708
247 707
246 707
244 705
243 705
241 703
240 703
239 702
238 702
236 700
235 700
234 699
233 699
231 697
230 697
229 696
228 696
227 695
226 695
225 694
223 694
222 693
221 693
220 692
219 692
218 691
216 691
215 690
214 690
213 689
211 689
210 688
208 688
207 687
204 687
203 686
200 686
200 689
201 690
201 691
202 692
204 692
205 693
207 693
208 694
209 694
210 695
212 695
213 696
215 696
216 697
218 697
219 698
220 698
221 699
220 700
223 700
224 701
225 701
226 702
225 703
225 704
227 704
228 705
229 704
230 704
232 706
233 705
234 706
235 706
236 707
237 707
240 710
241 710
242 711
243 711
246 714
247 714
249 716
250 716
252 718
253 718
258 723
259 723
260 724
260 725
261 725
273 737
273 741
272 742
271 742
268 739
267 739
261 733
261 732
260 731
259 731
257 729
256 729
255 728
254 729
252 729
253 729
254 730
254 731
253 732
252 731
249 731
248 730
244 730
243 729
216 729
215 730
211 730
210 729
209 729
208 730
208 734
209 735
215 735
216 734
233 734
234 735
238 735
239 736
245 736
246 737
249 737
250 738
251 738
252 739
253 739
254 740
256 740
257 741
259 741
260 742
260 744
261 745
261 746
260 747
261 748
261 749
263 751
263 752
262 753
257 753
258 754
261 754
263 752
264 752
265 751
266 752
266 754
265 755
265 756
262 759
261 759
260 760
258 760
257 761
255 761
252 764
252 767
255 767
256 766
260 770
260 771
258 773
258 776
259 777
259 778
260 778
261 779
261 780
260 781
259 781
258 782
257 782
256 781
256 780
255 780
255 783
256 784
256 785
257 785
258 784
259 785
259 786
260 787
260 789
261 790
262 790
263 791
257 797
257 800
256 801
256 803
255 804
255 806
254 807
254 808
253 809
253 810
252 811
252 812
251 813
251 814
250 815
249 815
248 816
248 817
245 820
245 821
236 830
236 831
229 838
228 838
226 840
225 840
223 842
222 842
219 845
218 845
215 848
213 848
212 849
211 849
206 854
206 855
198 863
198 864
190 872
190 874
189 875
189 880
188 881
188 883
187 884
187 885
186 886
186 887
181 892
181 893
179 895
179 896
178 897
178 898
176 900
176 902
175 903
175 908
174 909
174 912
173 913
172 913
168 909
167 909
165 907
164 907
162 909
160 907
159 907
158 906
157 906
156 905
155 905
153 903
152 903
151 902
150 902
147 899
144 899
143 898
142 898
141 897
139 897
137 895
136 895
134 893
132 893
129 890
127 890
124 887
122 887
121 886
120 886
118 884
117 884
114 881
113 881
112 880
110 880
109 879
108 879
107 878
106 878
105 877
106 878
106 879
108 881
109 881
116 888
117 888
121 892
122 892
125 895
126 895
128 897
129 897
131 899
132 899
134 901
135 901
136 902
137 902
139 904
140 904
141 905
142 905
143 906
145 906
146 907
147 907
148 908
149 908
150 909
151 909
154 912
153 913
148 913
147 912
146 912
145 911
143 911
142 910
141 910
140 909
137 909
136 908
132 908
131 907
122 907
121 906
109 906
108 905
94 905
93 904
92 904
91 905
90 905
89 904
77 904
76 903
59 903
58 902
57 902
56 903
55 903
54 902
53 903
51 903
50 902
47 902
46 903
46 904
45 905
43 903
43 904
44 905
45 905
46 906
48 906
49 907
52 907
53 908
56 908
57 909
61 909
62 910
66 910
67 911
73 911
74 912
86 912
87 913
90 913
91 912
93 912
94 913
95 912
97 912
98 913
103 913
104 914
108 914
109 915
110 915
111 916
114 916
115 917
118 917
119 918
123 918
124 919
126 919
127 920
137 920
138 919
139 919
140 920
141 920
142 921
142 922
143 923
146 923
147 924
152 924
153 923
154 923
155 922
157 922
158 923
160 923
161 924
164 924
165 925
165 926
163 928
152 928
151 927
150 928
149 928
148 927
139 927
138 928
134 928
133 927
129 927
128 928
127 928
126 927
123 927
122 928
121 927
119 927
118 926
117 927
113 927
112 926
111 926
109 928
108 928
107 927
105 927
104 928
94 928
93 927
78 927
77 926
72 926
71 925
63 925
62 924
57 924
56 923
51 923
50 922
46 922
45 921
42 921
41 920
37 920
36 919
34 919
33 918
32 918
31 917
29 917
28 916
27 916
26 915
23 915
22 914
22 915
20 917
18 917
17 918
19 918
20 919
23 919
24 920
26 920
27 921
30 921
31 922
34 922
35 923
39 923
40 924
43 924
44 925
47 925
48 926
52 926
53 927
56 927
57 928
61 928
62 929
65 929
66 930
70 930
71 931
75 931
76 932
80 932
81 933
85 933
86 934
91 934
92 935
97 935
98 936
146 936
147 935
164 935
168 939
168 942
167 943
167 944
165 946
161 946
160 945
151 945
150 944
149 944
148 945
147 945
146 946
132 946
131 947
125 947
124 946
117 946
116 947
100 947
99 948
92 948
91 949
84 949
83 950
75 950
74 951
66 951
65 952
59 952
58 953
47 953
46 954
38 954
37 955
15 955
14 954
4 954
3 955
0 955
0 963
14 963
15 964
25 964
26 965
30 965
31 964
37 964
38 963
39 963
40 964
42 964
43 963
51 963
52 962
56 962
57 961
61 961
62 962
64 962
65 963
67 963
68 964
68 965
72 965
73 964
75 964
76 965
74 967
73 967
72 968
70 968
69 969
67 969
66 970
65 970
64 971
62 971
61 972
58 972
57 973
53 973
52 974
51 974
50 975
48 975
47 976
46 976
45 977
44 977
43 978
42 978
40 980
39 980
38 981
37 981
36 982
34 982
33 983
32 983
31 984
30 984
28 986
27 986
26 987
24 987
23 988
22 988
21 989
20 989
19 990
16 990
15 991
13 991
12 992
9 992
8 993
6 993
5 994
3 994
2 995
0 995
0 1017
1 1016
2 1016
4 1014
5 1014
6 1013
8 1013
10 1011
11 1011
12 1010
13 1010
14 1009
15 1009
16 1008
17 1008
20 1005
20 1003
19 1002
21 1000
22 1000
23 999
24 999
25 998
28 998
29 997
30 997
31 996
32 996
33 995
34 996
35 995
36 995
37 994
39 994
40 993
42 993
43 992
47 992
48 991
50 991
51 990
54 990
55 989
58 989
59 988
61 988
62 987
67 987
68 986
70 986
71 985
72 985
73 984
76 984
77 983
78 983
79 982
81 982
82 981
84 981
85 980
86 980
87 979
89 979
90 978
93 978
94 977
96 977
97 976
98 976
99 975
102 975
103 974
104 974
106 972
107 972
108 973
109 972
111 972
112 971
113 971
114 970
116 970
117 969
121 969
122 968
126 968
127 967
132 967
133 966
139 966
140 965
143 965
144 964
149 964
150 963
156 963
157 962
165 962
166 963
166 964
167 965
167 967
168 968
168 969
165 972
164 972
163 973
162 973
161 974
159 974
158 975
157 975
156 976
154 976
153 977
152 977
151 978
150 978
149 979
148 979
147 980
146 980
145 981
144 981
143 982
142 982
141 983
139 983
138 984
137 984
135 986
134 986
133 987
131 987
130 988
129 988
128 989
126 989
124 991
120 991
119 992
117 992
116 993
114 993
113 994
111 994
110 995
109 995
108 996
107 996
106 997
105 997
102 1000
101 1000
99 1002
98 1002
97 1003
96 1003
95 1004
94 1004
92 1006
91 1006
90 1007
89 1007
88 1008
87 1008
85 1010
84 1010
83 1011
82 1011
81 1012
80 1012
78 1014
77 1014
76 1015
75 1015
73 1017
72 1017
70 1019
69 1019
68 1020
67 1020
66 1021
65 1021
63 1023
62 1023
61 1024
60 1024
59 1025
59 1026
58 1027
57 1026
56 1027
55 1027
54 1028
53 1028
52 1029
51 1029
50 1030
49 1030
47 1032
46 1032
47 1033
46 1034
45 1034
44 1033
45 1034
44 1035
43 1035
42 1034
41 1035
40 1035
39 1036
38 1036
37 1037
36 1037
35 1038
34 1038
33 1039
32 1039
31 1040
30 1040
29 1041
28 1041
27 1042
26 1042
24 1044
23 1044
22 1045
21 1045
20 1046
19 1046
18 1047
17 1047
16 1048
15 1048
13 1050
12 1050
11 1051
10 1051
9 1052
8 1052
6 1054
5 1054
4 1055
3 1055
1 1057
0 1057
0 1079
1 1078
0 1077
2 1075
3 1075
5 1073
6 1073
7 1074
7 1072
8 1071
9 1071
10 1070
12 1070
15 1067
16 1067
18 1065
19 1065
20 1064
21 1064
22 1065
19 1068
20 1067
21 1067
23 1065
26 1065
28 1063
29 1063
31 1061
33 1061
36 1058
37 1058
38 1057
40 1057
41 1056
43 1056
43 1055
45 1053
48 1053
50 1051
51 1051
54 1048
55 1049
56 1049
60 1045
62 1045
65 1042
67 1042
68 1041
69 1041
70 1040
72 1040
75 1037
77 1037
79 1035
80 1036
81 1036
85 1032
87 1034
87 1033
89 1031
91 1031
91 1030
92 1029
94 1029
95 1028
95 1027
96 1026
99 1026
101 1024
102 1024
104 1022
105 1022
106 1021
107 1021
108 1020
108 1019
109 1018
111 1018
112 1017
113 1017
114 1016
115 1016
116 1015
117 1015
118 1014
119 1014
120 1013
121 1013
123 1011
124 1011
125 1010
126 1010
128 1008
129 1009
130 1008
131 1008
132 1007
133 1007
134 1006
135 1006
136 1005
145 1005
147 1003
148 1003
149 1002
149 1001
150 1000
152 1000
159 993
158 993
157 992
158 991
159 991
160 990
161 990
162 989
163 990
164 990
166 988
167 988
168 987
170 987
173 990
173 994
174 995
174 996
172 998
171 998
169 1000
168 1000
165 1003
165 1004
163 1006
162 1006
158 1010
157 1010
155 1012
154 1012
152 1014
151 1014
149 1016
148 1016
147 1017
146 1017
144 1019
143 1019
142 1020
141 1020
138 1023
137 1023
136 1024
135 1024
134 1025
133 1025
132 1026
131 1026
130 1027
129 1027
128 1028
127 1028
126 1029
125 1029
124 1030
123 1030
122 1031
121 1031
118 1034
118 1036
117 1037
116 1037
116 1038
115 1039
114 1039
113 1040
112 1040
111 1041
110 1041
107 1044
107 1045
108 1044
109 1044
110 1043
111 1043
113 1041
114 1041
117 1038
118 1038
119 1037
120 1038
120 1039
119 1040
118 1040
112 1046
111 1046
110 1047
109 1047
105 1051
104 1051
103 1052
102 1052
98 1056
97 1056
96 1057
95 1057
95 1058
93 1060
91 1060
89 1062
89 1063
88 1064
87 1064
85 1066
84 1066
83 1065
82 1066
82 1067
79 1070
77 1070
75 1072
73 1072
73 1073
71 1075
69 1075
69 1076
64 1081
63 1081
63 1083
62 1084
61 1084
61 1086
62 1085
63 1085
65 1083
66 1083
68 1081
69 1081
70 1082
72 1082
72 1080
74 1078
75 1078
79 1074
80 1074
82 1072
84 1072
88 1068
88 1067
89 1066
91 1066
92 1067
93 1067
93 1066
94 1065
95 1065
95 1063
96 1062
97 1062
98 1061
99 1061
102 1058
103 1058
107 1054
108 1054
111 1051
112 1051
114 1049
115 1049
120 1044
121 1044
125 1040
126 1040
128 1038
129 1038
131 1036
132 1036
134 1034
135 1034
138 1031
139 1031
142 1028
144 1028
147 1025
148 1025
152 1021
153 1021
156 1018
157 1018
159 1016
160 1016
162 1014
163 1014
164 1013
165 1013
172 1006
173 1006
176 1003
177 1003
178 1002
181 1005
181 1006
182 1005
190 1013
191 1013
192 1014
193 1014
194 1015
195 1015
197 1017
198 1017
199 1018
200 1018
201 1019
202 1019
203 1020
205 1020
206 1021
208 1021
209 1022
211 1022
212 1023
215 1023
216 1024
218 1024
219 1025
221 1025
222 1026
224 1026
225 1027
227 1027
228 1028
229 1028
230 1029
229 1030
229 1031
228 1032
229 1032
230 1033
230 1035
232 1037
232 1038
231 1039
231 1040
230 1041
230 1042
229 1043
229 1044
228 1045
228 1048
229 1048
232 1051
233 1050
233 1048
235 1046
236 1047
236 1050
237 1051
237 1053
242 1058
243 1058
247 1062
248 1062
250 1064
250 1066
251 1067
251 1069
252 1070
252 1071
253 1072
253 1074
254 1075
254 1077
255 1078
255 1080
256 1081
256 1083
257 1084
257 1086
258 1087
258 1089
259 1090
259 1092
260 1093
260 1095
261 1096
261 1098
262 1099
262 1101
263 1102
263 1105
264 1106
264 1108
265 1109
265 1111
266 1112
266 1115
267 1116
267 1120
268 1121
268 1125
267 1126
264 1123
263 1123
262 1122
261 1122
260 1121
259 1121
258 1120
257 1120
256 1119
255 1119
254 1118
253 1118
252 1117
251 1117
250 1116
248 1116
247 1115
246 1115
246 1120
247 1121
247 1126
248 1127
248 1133
249 1134
249 1139
250 1140
250 1143
256 1143
257 1144
259 1144
259 1143
260 1142
261 1143
261 1148
262 1147
264 1147
265 1146
268 1149
269 1149
281 1161
281 1162
285 1166
285 1167
286 1168
286 1169
288 1171
288 1172
289 1173
289 1175
290 1176
290 1177
291 1178
291 1179
292 1180
292 1181
293 1182
293 1184
294 1185
294 1186
295 1187
295 1188
296 1189
296 1191
297 1192
297 1193
298 1194
298 1196
299 1197
299 1199
300 1200
300 1203
301 1204
300 1205
300 1211
301 1212
301 1217
300 1218
300 1223
299 1224
299 1225
298 1226
298 1228
297 1229
297 1231
296 1232
296 1233
295 1234
295 1235
294 1236
294 1238
293 1239
293 1240
291 1242
291 1243
290 1244
290 1245
288 1247
288 1248
286 1250
286 1251
281 1256
281 1257
271 1267
271 1268
267 1272
267 1273
264 1276
264 1277
261 1280
261 1281
256 1286
256 1287
252 1291
249 1291
249 1292
244 1297
244 1298
236 1306
236 1307
235 1308
235 1310
234 1311
234 1314
233 1315
233 1316
232 1317
232 1318
231 1319
231 1320
230 1321
230 1322
227 1325
227 1326
226 1327
226 1329
225 1330
225 1332
224 1333
223 1333
220 1336
219 1335
219 1334
215 1338
215 1339
214 1340
214 1341
213 1342
213 1343
212 1344
212 1346
211 1347
213 1345
214 1346
214 1347
212 1349
212 1350
211 1351
211 1352
210 1353
210 1355
209 1356
209 1357
206 1360
206 1361
205 1362
205 1363
204 1364
204 1366
203 1367
203 1369
202 1370
201 1369
200 1369
200 1370
199 1371
199 1372
198 1373
197 1373
194 1376
193 1376
188 1381
187 1381
187 1382
185 1384
185 1386
184 1387
184 1388
182 1390
182 1391
180 1393
179 1393
182 1393
183 1392
188 1392
189 1391
190 1391
191 1392
189 1394
185 1394
184 1395
183 1395
182 1396
180 1396
179 1397
178 1397
177 1398
176 1398
175 1399
174 1399
173 1400
172 1400
171 1401
170 1401
169 1402
168 1402
167 1403
166 1403
165 1404
164 1404
163 1403
164 1402
163 1402
162 1403
161 1403
160 1404
159 1404
158 1405
157 1405
156 1406
155 1406
154 1407
152 1407
150 1409
149 1409
148 1410
147 1410
146 1411
145 1411
143 1413
143 1414
142 1415
141 1414
141 1416
140 1417
139 1417
138 1418
137 1418
136 1419
135 1419
134 1420
132 1420
131 1421
130 1421
129 1422
128 1422
127 1423
126 1423
125 1424
124 1424
123 1425
122 1425
121 1426
120 1426
118 1428
117 1428
116 1429
115 1429
114 1430
113 1430
111 1432
110 1432
109 1433
108 1433
107 1434
106 1434
103 1437
102 1437
100 1439
99 1439
97 1441
96 1441
95 1442
94 1442
92 1444
91 1444
88 1447
87 1447
82 1452
81 1452
77 1456
76 1456
70 1462
69 1462
65 1466
64 1466
58 1472
57 1472
55 1474
54 1474
46 1482
45 1482
29 1498
28 1498
15 1511
15 1512
13 1514
13 1515
9 1519
9 1520
7 1522
7 1523
4 1526
4 1527
2 1529
2 1530
0 1532
0 2369
174 2369
175 2368
217 2368
218 2369
375 2369
376 2368
506 2368
507 2369
728 2369
729 2370
740 2370
741 2369
743 2369
744 2370
745 2369
749 2369
750 2370
751 2369
766 2369
767 2370
768 2369
773 2369
774 2370
777 2370
778 2369
791 2369
792 2370
805 2370
806 2369
812 2369
813 2370
1043 2370
1044 2371
1054 2371
1055 2370
1060 2370
1061 2371
1079 2371
1079 1208
1077 1206
1077 1203
1079 1201
1079 1200
1079 1201
1078 1202
1077 1201
1077 1199
1078 1198
1078 1197
1079 1196
1079 1192
1078 1191
1078 1188
1079 1187
1079 1167
1078 1167
1078 1170
1077 1171
1077 1175
1076 1176
1076 1181
1075 1182
1075 1187
1074 1188
1074 1193
1073 1194
1073 1199
1072 1200
1072 1203
1071 1204
1071 1208
1070 1209
1070 1214
1069 1215
1069 1219
1068 1220
1068 1225
1067 1226
1067 1231
1066 1232
1066 1236
1065 1237
1065 1242
1064 1243
1063 1243
1062 1242
1062 1239
1060 1237
1059 1237
1057 1235
1058 1234
1059 1234
1060 1235
1060 1234
1059 1233
1059 1232
1055 1228
1056 1227
1057 1227
1057 1226
1056 1225
1056 1224
1055 1224
1053 1222
1053 1221
1054 1220
1055 1221
1055 1220
1054 1219
1053 1220
1052 1219
1052 1214
1051 1215
1050 1215
1048 1213
1048 1210
1047 1210
1046 1209
1046 1205
1044 1203
1044 1202
1043 1202
1041 1200
1041 1199
1042 1198
1042 1195
1039 1192
1039 1190
1038 1189
1040 1187
1038 1185
1037 1186
1035 1186
1034 1185
1034 1183
1035 1182
1036 1182
1037 1181
1038 1181
1039 1182
1042 1182
1045 1179
1045 1178
1044 1178
1040 1182
1039 1182
1038 1181
1038 1180
1037 1180
1036 1181
1035 1180
1034 1180
1033 1179
1033 1178
1035 1176
1032 1176
1030 1174
1031 1173
1030 1172
1029 1172
1027 1170
1027 1167
1028 1166
1029 1166
1029 1165
1027 1165
1027 1166
1026 1167
1024 1165
1024 1164
1023 1163
1024 1162
1025 1162
1026 1161
1027 1161
1028 1160
1029 1160
1030 1159
1030 1158
1033 1155
1033 1153
1032 1153
1031 1154
1031 1156
1029 1158
1028 1158
1027 1159
1025 1159
1024 1158
1023 1158
1022 1157
1025 1154
1026 1154
1027 1153
1026 1153
1023 1150
1023 1148
1030 1141
1031 1141
1031 1139
1029 1139
1022 1146
1022 1149
1021 1150
1019 1150
1017 1148
1017 1147
1015 1145
1016 1144
1016 1143
1017 1142
1018 1142
1019 1141
1019 1140
1020 1139
1020 1138
1023 1135
1023 1133
1021 1133
1020 1134
1018 1134
1017 1135
1017 1136
1018 1136
1019 1137
1019 1138
1016 1141
1016 1142
1013 1145
1011 1143
1013 1141
1013 1140
1011 1138
1012 1137
1013 1137
1014 1136
1014 1135
1017 1132
1017 1131
1016 1131
1015 1132
1015 1133
1014 1134
1008 1134
1007 1133
1007 1132
1009 1130
1011 1130
1012 1131
1013 1131
1014 1130
1014 1129
1013 1128
1012 1128
1010 1130
1008 1128
1009 1127
1010 1127
1011 1126
1013 1126
1013 1124
1012 1124
1011 1125
1010 1125
1008 1123
1008 1121
1013 1116
1013 1114
1012 1115
1011 1115
1008 1118
1008 1119
1007 1120
1004 1117
1006 1115
1007 1115
1012 1110
1012 1108
1011 1107
1008 1110
1008 1111
1006 1113
1005 1112
1005 1111
1006 1110
1003 1110
1003 1111
1004 1112
1005 1112
1006 1113
1005 1114
1004 1114
1002 1116
999 1116
998 1115
997 1115
995 1113
994 1113
993 1112
994 1111
995 1111
995 1108
994 1107
993 1108
992 1108
990 1106
990 1104
992 1102
992 1100
991 1099
991 1097
993 1095
994 1095
995 1094
995 1093
996 1092
997 1092
999 1090
999 1089
1000 1088
999 1087
997 1087
994 1090
994 1091
991 1094
991 1095
989 1097
988 1097
987 1096
987 1095
986 1094
986 1093
987 1092
987 1088
988 1087
989 1087
992 1084
992 1080
993 1079
993 1077
991 1077
990 1078
990 1079
989 1080
989 1081
990 1081
991 1082
987 1086
987 1087
983 1091
980 1088
978 1088
977 1087
978 1086
981 1086
982 1085
984 1085
985 1084
984 1083
983 1083
982 1084
981 1083
981 1076
978 1076
977 1077
974 1077
973 1076
972 1076
971 1075
971 1074
973 1072
975 1072
976 1071
974 1069
976 1067
976 1066
978 1064
979 1064
979 1063
980 1062
980 1061
978 1061
977 1062
977 1063
976 1064
975 1064
973 1066
973 1067
972 1068
969 1068
968 1067
967 1067
966 1066
970 1062
971 1062
971 1061
970 1060
970 1059
972 1057
972 1056
971 1055
970 1056
970 1058
966 1062
965 1062
964 1061
963 1061
961 1059
963 1057
964 1057
965 1058
967 1056
964 1056
963 1055
970 1048
969 1047
967 1047
967 1048
963 1052
962 1052
960 1054
960 1055
959 1056
958 1056
956 1054
956 1053
957 1052
957 1051
958 1050
958 1049
962 1045
962 1042
961 1042
959 1044
959 1046
957 1048
956 1048
955 1049
954 1049
953 1048
953 1047
952 1046
955 1043
955 1042
956 1041
957 1041
958 1040
958 1039
957 1039
956 1040
955 1040
955 1041
954 1042
953 1042
952 1043
951 1042
951 1039
950 1039
950 1040
949 1041
949 1042
951 1042
952 1043
952 1044
951 1045
949 1045
949 1046
948 1047
946 1045
946 1041
945 1040
942 1040
941 1039
941 1036
942 1035
945 1035
946 1034
947 1035
947 1037
946 1038
947 1038
949 1036
950 1036
950 1035
949 1034
947 1034
946 1033
946 1032
945 1031
950 1026
950 1025
948 1025
947 1026
947 1027
942 1032
941 1032
939 1034
937 1032
937 1031
936 1030
937 1029
937 1028
938 1027
939 1027
941 1029
942 1028
942 1026
941 1027
940 1027
939 1026
939 1025
940 1024
941 1024
941 1023
944 1020
945 1021
945 1023
947 1021
947 1020
946 1020
945 1021
944 1020
944 1018
943 1018
937 1024
937 1026
934 1029
933 1029
932 1028
934 1026
934 1024
937 1021
937 1019
942 1014
942 1012
941 1012
940 1013
937 1013
936 1014
936 1015
935 1016
935 1017
934 1018
933 1018
933 1019
932 1020
932 1021
931 1022
930 1022
929 1021
929 1020
931 1018
931 1016
929 1016
928 1017
927 1016
926 1016
925 1015
925 1012
927 1010
927 1007
929 1005
929 1003
930 1002
930 1001
931 1000
930 999
929 999
922 992
921 992
918 989
917 989
915 987
915 986
913 986
909 982
909 981
908 981
909 982
909 984
911 986
911 987
909 989
907 987
907 986
905 986
904 985
903 985
902 986
897 981
896 981
895 980
894 980
891 977
890 977
888 975
887 975
880 968
879 968
878 967
879 968
879 969
880 970
879 971
878 971
875 968
874 968
873 967
872 967
866 961
863 961
862 960
861 960
860 959
860 958
861 957
862 957
863 956
865 958
866 958
867 959
867 958
866 957
866 956
865 955
865 953
864 952
864 951
863 951
863 955
862 956
857 951
856 951
855 950
854 950
852 948
852 946
851 946
849 944
849 942
851 940
852 940
853 941
854 941
855 942
856 941
852 937
852 935
851 935
851 937
850 938
850 940
848 942
848 944
847 945
847 946
845 948
844 947
843 947
842 946
840 946
838 944
836 944
833 941
832 941
823 932
823 931
817 925
817 924
815 922
815 921
813 919
813 918
812 917
812 916
810 914
810 913
808 911
808 910
807 909
807 908
806 907
806 906
804 904
804 903
803 902
803 901
802 900
802 898
801 897
801 895
800 894
800 892
799 891
799 888
798 887
798 884
797 883
797 880
796 879
796 875
795 874
795 869
794 868
794 862
793 861
793 855
792 854
792 847
791 846
791 838
790 837
790 826
789 825
789 809
788 808
789 807
789 805
790 804
790 803
791 802
792 802
792 801
794 799
796 799
797 798
798 798
799 799
799 800
800 801
800 802
802 802
803 801
804 801
804 796
801 793
800 793
799 792
797 794
795 794
794 793
794 792
795 791
797 791
796 790
795 790
793 788
793 780
794 779
794 777
795 776
795 775
796 774
796 772
797 771
797 767
798 766
798 763
799 762
799 759
800 758
800 754
801 753
801 750
802 749
802 745
803 744
803 740
804 739
804 732
805 731
805 726
806 725
806 721
807 720
807 714
808 713
808 705
809 704
809 671
808 670
808 659
807 658
807 651
806 650
806 643
805 642
805 637
804 636
804 632
803 631
803 627
802 626
802 622
801 621
801 619
800 618
800 617
799 616
799 615
798 614
798 613
797 612
797 611
795 609
795 608
791 604
790 604
788 602
787 602
786 601
785 601
784 600
783 600
782 599
781 599
780 598
779 598
778 597
776 597
775 596
775 595
776 594
779 594
780 593
782 593
783 592
785 592
786 591
787 591
786 591
785 590
779 590
778 591
777 591
776 590
776 589
775 588
775 592
774 593
773 592
773 590
771 588
768 588
766 590
765 589
765 590
764 591
763 591
762 590
761 590
760 589
759 590
758 590
757 591
755 591
754 592
753 591
752 591
751 592
749 592
748 593
747 593
746 594
744 594
744 597
743 598
742 598
741 597
741 595
740 596
738 596
736 598
735 598
735 599
734 600
733 600
732 601
732 602
728 606
727 606
690 643
689 643
682 650
682 651
674 659
673 659
665 667
664 667
660 671
659 671
657 673
656 673
652 677
651 677
650 678
649 678
644 683
643 683
641 685
640 685
639 686
636 686
633 689
632 689
630 691
627 691
626 692
625 692
624 693
623 693
622 694
621 694
620 695
618 695
617 696
608 696
607 695
597 695
596 694
589 694
588 693
581 693
580 692
580 689
579 689
578 688
577 688
576 687
575 687
574 686
573 686
572 685
571 685
570 686
568 686
567 687
565 687
564 688
558 688
557 689
553 689
552 690
550 690
549 691
545 691
544 692
529 692
528 693
522 693
521 694
518 694
517 695
513 695
512 696
510 696
509 697
506 697
505 696
503 696
502 695
500 695
498 693
497 693
496 692
495 692
493 690
486 690
485 689
483 689
482 688
480 688
479 687
477 687
476 686
473 686
472 685
459 685
458 686
457 686
456 687
455 687
454 688
453 688
451 690
450 690
448 692
447 692
446 693
445 692
444 692
443 693
442 693
437 698
436 698
432 702
431 702
429 704
428 704
427 705
426 705
424 707
412 707
410 705
411 704
411 703
412 702
412 701
413 700
413 699
414 698
413 697
413 693
414 692
414 686
415 685
415 679
416 678
416 670
417 669
417 660
418 659
418 647
419 646
419 619
418 618
418 609
417 608
417 604
416 603
416 599
415 598
415 595
414 594
414 592
413 591
413 590
412 589
412 587
410 585
410 584
409 583
409 582

