422 606
421 607
406 607
405 608
403 608
401 610
401 611
400 612
400 613
399 614
399 615
398 616
398 617
397 618
397 619
396 620
396 621
394 623
394 624
392 626
393 626
394 627
394 628
392 630
392 631
391 632
391 633
389 635
388 634
388 633
389 632
388 632
385 635
385 636
384 637
383 637
383 638
382 639
382 640
381 641
382 642
382 643
381 644
381 645
379 647
379 649
377 651
377 652
375 654
375 655
374 656
374 657
373 658
373 659
371 661
371 662
370 663
370 664
369 665
369 667
368 668
367 668
366 669
366 670
364 672
364 673
362 675
362 676
356 682
355 682
353 684
352 684
349 687
347 687
346 688
344 688
343 689
339 689
337 691
337 693
336 694
336 696
335 697
335 699
334 700
334 703
333 704
333 707
332 708
332 712
331 713
331 716
330 717
330 720
329 721
329 723
328 724
328 726
327 727
327 731
326 732
326 736
325 737
325 740
324 741
324 744
323 745
323 749
322 750
322 755
321 756
321 760
320 761
320 762
321 763
319 765
319 766
320 767
319 768
319 771
318 772
318 774
317 775
317 778
316 779
316 781
317 780
319 780
320 781
321 781
322 782
323 782
324 783
326 783
327 784
328 784
329 785
330 785
331 786
332 786
333 787
335 787
336 788
337 788
339 790
342 790
343 789
343 788
342 787
344 785
345 786
345 788
346 789
347 789
347 787
346 786
345 786
344 785
344 784
345 783
345 782
346 781
347 782
347 783
348 784
348 785
349 786
349 794
351 796
353 796
354 797
356 797
357 798
357 809
356 810
356 814
355 815
355 817
354 818
354 819
353 820
353 821
352 822
352 823
351 824
351 826
350 827
350 828
349 829
349 831
348 832
348 833
347 834
347 836
346 837
346 839
345 840
345 841
344 842
343 842
343 844
342 845
342 848
341 849
341 851
340 852
340 854
339 855
339 857
338 858
338 860
337 861
337 863
336 864
336 866
335 867
335 870
334 871
334 873
333 874
333 876
332 877
332 879
331 880
331 883
330 884
330 886
329 887
329 889
328 890
328 892
327 893
327 896
326 897
326 899
325 900
325 903
324 904
324 906
323 907
323 909
322 910
322 913
321 914
321 917
320 918
320 920
319 921
319 924
318 925
318 928
317 929
317 932
316 933
316 945
315 946
315 952
314 953
314 956
313 957
313 960
312 961
312 963
311 964
311 965
310 966
310 967
309 968
309 969
307 971
306 971
300 977
299 977
296 980
296 981
292 985
290 983
290 982
289 981
289 980
287 978
287 976
286 975
286 974
285 973
285 972
284 971
284 970
283 969
283 968
282 967
282 965
281 964
281 963
280 962
280 961
279 960
279 959
278 958
278 957
277 956
277 955
276 954
276 952
275 951
275 952
273 954
273 955
272 956
272 957
271 958
271 959
270 960
270 962
269 963
269 964
270 965
269 966
269 967
268 968
268 971
267 972
268 973
267 974
267 975
266 976
266 977
267 978
266 979
266 980
265 981
265 983
264 984
264 986
263 987
263 989
262 990
262 992
261 993
261 994
260 995
260 996
257 999
257 1000
254 1003
254 1004
253 1005
253 1006
252 1007
252 1008
251 1009
251 1013
250 1014
250 1016
251 1017
251 1018
250 1019
250 1020
251 1021
251 1022
250 1023
249 1023
249 1025
250 1026
249 1027
249 1029
248 1030
249 1030
250 1031
249 1032
251 1034
252 1034
252 1033
253 1032
254 1032
255 1033
256 1032
254 1030
253 1030
252 1029
253 1028
254 1028
255 1027
257 1029
259 1027
258 1026
259 1025
260 1025
261 1026
262 1025
262 1024
261 1023
262 1022
263 1022
264 1023
265 1022
266 1022
267 1021
267 1020
268 1019
269 1019
271 1017
273 1017
274 1016
272 1014
274 1012
274 1010
275 1009
276 1010
275 1009
275 1008
277 1006
276 1006
275 1007
274 1006
274 1005
275 1004
276 1004
276 1002
277 1001
279 1001
279 1000
278 1000
277 999
277 998
280 995
280 994
279 994
278 993
278 992
279 991
280 991
281 990
282 990
283 991
283 992
284 991
282 989
283 988
282 987
285 984
286 984
287 985
287 986
286 987
288 987
289 988
288 989
288 991
287 992
287 994
285 996
285 1002
284 1003
284 1004
285 1004
286 1005
281 1010
280 1010
280 1012
281 1012
283 1014
281 1016
280 1016
278 1018
277 1018
275 1020
274 1020
267 1027
267 1028
268 1028
271 1025
271 1024
272 1023
273 1023
275 1021
276 1021
277 1020
278 1020
279 1021
278 1022
279 1022
280 1023
278 1025
277 1025
278 1026
280 1026
281 1027
282 1027
283 1028
282 1029
280 1029
279 1028
277 1028
276 1027
277 1028
277 1029
276 1030
272 1030
272 1031
270 1033
269 1033
268 1032
265 1032
264 1033
261 1033
260 1034
260 1035
259 1036
258 1036
257 1035
257 1037
260 1040
261 1040
262 1041
261 1042
257 1042
256 1041
255 1042
254 1041
252 1041
252 1042
251 1043
248 1040
249 1039
248 1040
247 1040
246 1039
247 1038
247 1037
246 1037
246 1038
245 1039
243 1039
242 1038
241 1039
241 1040
238 1043
238 1044
235 1047
235 1048
231 1052
231 1053
228 1056
228 1057
227 1058
227 1059
226 1060
226 1061
225 1062
225 1063
224 1064
224 1066
223 1067
223 1068
222 1069
222 1070
221 1071
221 1072
220 1073
220 1075
219 1076
219 1078
218 1079
218 1083
217 1084
217 1087
216 1088
216 1098
217 1099
217 1102
218 1103
218 1106
219 1107
219 1110
220 1111
220 1113
221 1114
221 1115
222 1116
222 1119
225 1122
225 1123
226 1124
226 1125
227 1126
227 1127
228 1128
228 1129
229 1130
229 1131
230 1132
230 1133
231 1134
231 1135
232 1136
232 1138
233 1139
233 1141
234 1142
234 1147
235 1148
235 1155
236 1156
237 1155
238 1155
239 1154
253 1154
254 1155
256 1155
257 1156
259 1156
261 1158
262 1158
267 1163
267 1164
268 1165
268 1166
269 1166
269 1164
270 1163
270 1162
269 1161
269 1160
270 1159
270 1153
271 1152
272 1153
272 1164
271 1165
271 1167
270 1168
271 1169
271 1178
270 1179
270 1181
269 1182
267 1180
267 1178
268 1177
268 1176
269 1175
269 1174
268 1174
268 1177
267 1178
267 1181
268 1182
268 1185
267 1186
267 1207
267 1205
268 1204
269 1204
270 1205
270 1206
269 1207
269 1214
267 1216
267 1217
268 1218
268 1221
267 1222
266 1222
265 1223
264 1223
263 1224
262 1224
261 1225
260 1225
259 1226
258 1226
257 1227
256 1227
254 1229
252 1229
251 1228
252 1227
253 1227
252 1227
251 1228
241 1228
240 1227
238 1229
238 1230
237 1231
237 1233
236 1234
236 1235
235 1236
235 1237
234 1238
233 1238
231 1240
231 1241
230 1242
229 1242
230 1242
231 1243
231 1244
229 1246
229 1247
228 1248
225 1248
225 1252
223 1254
222 1253
222 1251
216 1257
215 1257
213 1259
212 1259
212 1260
211 1261
210 1261
210 1262
206 1266
206 1267
203 1270
203 1272
200 1275
200 1276
199 1277
199 1278
198 1279
198 1280
197 1281
197 1283
196 1284
196 1288
195 1289
195 1290
196 1291
196 1293
195 1294
197 1296
197 1298
198 1299
200 1299
201 1300
201 1302
203 1302
204 1303
206 1301
211 1301
212 1300
213 1300
214 1299
217 1299
218 1298
221 1298
223 1300
223 1302
224 1302
225 1301
225 1300
227 1298
228 1298
229 1297
229 1296
231 1294
232 1294
233 1295
233 1296
232 1297
235 1294
235 1293
234 1294
233 1294
232 1293
234 1291
235 1291
236 1290
239 1290
240 1291
240 1290
239 1289
239 1288
240 1287
241 1287
242 1288
242 1289
243 1289
244 1290
244 1291
241 1294
241 1295
240 1296
242 1294
243 1295
243 1296
241 1298
241 1299
240 1300
240 1301
239 1302
239 1303
238 1304
238 1306
237 1307
237 1309
236 1310
236 1317
235 1318
235 1327
234 1328
233 1327
233 1332
232 1333
232 1334
233 1335
233 1336
232 1337
232 1341
231 1342
231 1343
228 1346
228 1347
229 1347
230 1348
229 1349
225 1349
224 1350
220 1350
219 1351
217 1351
216 1352
215 1352
214 1353
213 1353
212 1354
211 1354
210 1355
209 1355
208 1354
210 1352
211 1352
212 1351
211 1351
210 1352
208 1352
205 1355
206 1354
208 1354
209 1355
208 1356
207 1356
206 1357
205 1357
203 1359
202 1359
201 1358
200 1358
199 1359
198 1359
197 1360
196 1360
196 1361
197 1360
198 1360
199 1361
197 1363
196 1363
195 1364
194 1364
192 1366
191 1366
185 1372
184 1371
184 1370
185 1369
184 1370
181 1370
182 1371
181 1372
178 1372
177 1371
175 1371
174 1370
173 1370
172 1369
171 1369
169 1367
170 1366
170 1365
169 1365
168 1364
170 1366
169 1367
168 1367
164 1363
164 1362
161 1359
161 1358
162 1357
162 1356
161 1355
161 1356
160 1357
158 1355
158 1354
156 1352
156 1351
157 1350
159 1352
158 1351
158 1350
157 1349
156 1349
153 1346
151 1346
149 1348
148 1347
148 1346
147 1347
146 1347
145 1348
145 1349
143 1351
144 1352
144 1353
145 1354
145 1355
146 1356
146 1358
147 1359
147 1360
148 1361
148 1364
149 1365
149 1367
150 1367
151 1366
152 1366
153 1365
154 1365
155 1364
158 1364
159 1365
160 1365
161 1366
162 1365
166 1369
167 1369
170 1372
171 1372
172 1373
173 1373
174 1374
176 1374
177 1375
180 1375
181 1376
180 1377
179 1377
175 1381
175 1382
174 1383
174 1384
176 1384
184 1376
186 1376
187 1377
190 1377
191 1378
189 1380
188 1380
183 1385
183 1386
184 1386
185 1385
186 1385
187 1384
188 1384
190 1382
191 1382
195 1378
196 1378
197 1377
216 1377
217 1376
219 1376
220 1375
221 1375
222 1374
224 1374
225 1375
224 1376
223 1376
223 1377
224 1377
225 1378
226 1378
227 1377
228 1378
228 1381
227 1382
226 1382
226 1384
227 1384
228 1385
227 1386
227 1388
216 1399
216 1400
212 1404
212 1405
210 1407
210 1408
209 1409
209 1410
208 1411
208 1412
206 1414
206 1415
205 1416
205 1417
204 1418
206 1418
207 1417
207 1416
210 1413
210 1412
212 1410
212 1409
215 1406
215 1405
217 1403
217 1402
221 1398
222 1399
222 1401
217 1406
217 1407
214 1410
214 1411
212 1413
212 1414
210 1416
210 1417
209 1418
209 1419
207 1421
208 1422
211 1419
211 1418
213 1416
213 1415
216 1412
217 1413
217 1415
219 1413
219 1412
220 1411
220 1410
222 1408
223 1409
223 1410
222 1411
224 1411
225 1412
225 1413
226 1414
225 1415
225 1416
224 1417
225 1418
225 1419
227 1419
228 1420
228 1421
228 1420
229 1419
230 1420
230 1422
229 1423
229 1424
228 1425
228 1427
227 1428
227 1431
228 1431
230 1429
230 1427
231 1426
231 1425
232 1424
233 1425
233 1427
232 1428
232 1431
232 1430
233 1429
233 1428
234 1427
234 1426
236 1424
237 1424
238 1425
236 1427
236 1428
235 1429
235 1430
234 1431
234 1432
235 1432
236 1433
237 1433
238 1434
235 1437
234 1437
235 1437
236 1438
236 1437
239 1434
240 1435
240 1436
239 1437
239 1438
237 1440
237 1441
236 1442
236 1443
235 1444
235 1445
234 1446
234 1447
233 1448
233 1450
234 1450
237 1447
237 1446
238 1445
238 1444
240 1442
241 1443
241 1445
239 1447
239 1448
238 1449
240 1451
239 1452
238 1452
238 1453
240 1453
241 1452
242 1453
242 1451
244 1449
244 1448
245 1447
245 1446
246 1445
246 1444
247 1443
248 1444
248 1446
247 1447
247 1448
246 1449
246 1450
245 1451
245 1453
244 1454
244 1455
243 1456
243 1460
244 1460
246 1458
247 1459
247 1461
246 1462
246 1463
247 1464
249 1464
250 1465
250 1466
251 1466
252 1465
252 1462
253 1461
253 1458
254 1457
256 1459
255 1460
255 1461
257 1459
256 1458
256 1457
255 1456
256 1455
257 1455
258 1456
258 1457
259 1457
261 1455
262 1455
263 1454
274 1454
275 1453
278 1453
279 1452
280 1452
282 1454
282 1500
281 1501
281 1514
280 1515
280 1527
279 1528
278 1528
276 1530
276 1531
275 1532
275 1535
276 1536
276 1538
277 1539
277 1541
276 1542
275 1541
275 1540
274 1539
274 1544
275 1544
276 1543
277 1544
277 1553
276 1554
276 1556
275 1557
276 1558
276 1582
275 1583
275 1596
274 1597
272 1595
273 1594
273 1593
272 1592
272 1591
273 1590
273 1585
272 1585
272 1586
271 1587
270 1587
269 1588
269 1589
268 1590
267 1590
265 1592
264 1591
263 1591
262 1592
262 1593
261 1594
262 1595
262 1594
263 1593
264 1593
265 1594
265 1596
266 1597
265 1598
263 1598
262 1597
261 1597
260 1596
258 1596
258 1597
262 1601
264 1601
265 1602
264 1603
264 1607
263 1608
263 1609
262 1610
261 1609
261 1606
262 1605
262 1604
259 1604
259 1606
256 1609
255 1608
255 1606
252 1609
252 1610
253 1610
254 1611
254 1612
253 1613
252 1613
251 1614
251 1615
252 1616
249 1619
248 1619
252 1619
253 1618
256 1618
257 1617
258 1618
259 1617
261 1617
262 1618
262 1619
261 1620
254 1620
253 1621
250 1621
249 1622
247 1622
246 1623
245 1623
245 1624
244 1625
243 1625
244 1625
245 1626
245 1628
242 1631
243 1632
244 1632
245 1631
247 1631
248 1630
251 1630
252 1629
254 1629
255 1630
254 1631
256 1631
254 1629
255 1628
259 1628
260 1629
259 1630
259 1631
257 1633
257 1635
258 1636
256 1638
255 1638
253 1640
252 1640
249 1643
248 1643
240 1651
240 1654
239 1655
241 1655
242 1654
243 1654
245 1652
246 1652
247 1653
244 1656
244 1657
246 1657
247 1656
248 1656
249 1655
250 1655
251 1654
252 1654
253 1653
254 1653
255 1652
256 1652
257 1651
258 1651
260 1649
261 1649
262 1650
259 1653
258 1653
257 1654
256 1654
255 1655
254 1655
253 1656
252 1656
251 1657
252 1658
250 1660
250 1662
251 1662
254 1665
255 1664
257 1664
258 1665
260 1665
261 1664
264 1664
265 1663
267 1663
268 1664
269 1664
270 1663
271 1663
272 1664
273 1664
274 1665
274 1666
271 1669
271 1670
269 1672
269 1674
270 1673
271 1673
272 1672
272 1671
276 1667
277 1668
277 1671
276 1672
276 1679
277 1680
277 1681
278 1680
278 1676
279 1675
279 1671
280 1670
280 1666
281 1665
281 1664
282 1663
284 1663
285 1664
284 1665
283 1665
283 1666
282 1667
282 1669
283 1668
286 1668
287 1669
287 1671
286 1672
285 1671
282 1671
282 1672
284 1672
285 1673
286 1673
286 1672
288 1670
289 1670
290 1669
290 1668
291 1667
292 1668
292 1670
293 1671
293 1672
292 1673
292 1674
291 1675
291 1677
293 1677
294 1676
294 1675
295 1674
295 1673
297 1671
298 1672
298 1675
299 1676
297 1678
296 1678
295 1679
294 1679
292 1681
291 1681
290 1682
290 1683
291 1683
292 1682
295 1682
296 1681
297 1681
298 1680
299 1680
300 1681
297 1684
297 1685
294 1688
294 1689
292 1691
292 1692
288 1696
288 1697
287 1698
287 1699
285 1701
285 1702
284 1703
284 1704
282 1706
282 1707
281 1708
281 1710
282 1710
283 1709
284 1709
284 1708
285 1707
285 1706
286 1705
286 1704
288 1702
288 1701
290 1699
290 1698
293 1695
293 1694
296 1691
296 1690
300 1686
300 1685
303 1682
304 1683
304 1684
303 1685
303 1689
304 1690
306 1690
306 1688
307 1687
308 1688
308 1690
309 1689
310 1689
311 1688
312 1688
313 1689
310 1692
310 1695
306 1699
305 1698
305 1693
304 1693
304 1694
305 1695
304 1696
304 1702
303 1703
303 1704
302 1705
302 1706
308 1700
309 1701
309 1702
307 1704
307 1705
305 1707
305 1708
303 1710
303 1711
301 1713
301 1714
299 1716
299 1717
297 1719
297 1720
296 1721
296 1722
294 1724
294 1725
292 1727
292 1728
290 1730
290 1731
288 1733
288 1734
287 1735
287 1736
285 1738
285 1739
284 1740
284 1741
282 1743
282 1744
281 1745
281 1746
280 1747
280 1748
279 1749
279 1750
278 1751
278 1753
277 1754
277 1756
276 1757
276 1760
275 1761
275 1763
274 1764
274 1765
273 1766
273 1768
272 1769
272 1771
271 1772
271 1774
270 1775
270 1777
269 1778
269 1780
268 1781
268 1782
267 1783
267 1785
266 1786
266 1788
265 1789
265 1791
264 1792
264 1793
263 1794
263 1796
262 1797
262 1799
261 1800
261 1801
260 1802
260 1804
259 1805
259 1807
258 1808
258 1810
257 1811
257 1812
256 1813
256 1815
255 1816
255 1818
254 1819
254 1820
253 1821
253 1823
252 1824
252 1826
251 1827
251 1828
250 1829
250 1830
249 1831
249 1833
248 1834
248 1835
247 1836
247 1837
246 1838
246 1839
245 1840
245 1841
244 1842
244 1843
243 1844
243 1845
242 1846
242 1847
241 1848
241 1849
240 1850
240 1851
239 1852
239 1853
238 1854
238 1855
237 1856
237 1857
236 1858
236 1859
235 1860
235 1861
234 1862
234 1863
233 1864
233 1865
232 1866
232 1867
231 1868
231 1869
230 1870
230 1871
229 1872
229 1873
228 1874
228 1875
227 1876
227 1878
226 1879
226 1880
225 1881
224 1880
224 1881
223 1882
223 1883
222 1884
222 1885
220 1887
220 1888
218 1890
218 1891
217 1892
217 1893
216 1894
216 1895
214 1897
214 1898
213 1899
213 1900
212 1901
212 1902
211 1903
211 1904
210 1905
210 1906
208 1908
208 1909
207 1910
207 1911
206 1912
206 1913
205 1914
205 1915
203 1917
203 1918
201 1920
201 1921
198 1924
197 1923
196 1924
196 1927
195 1928
195 1931
194 1932
194 1933
193 1934
193 1935
192 1936
192 1937
190 1939
190 1940
189 1941
189 1943
188 1944
188 1945
187 1946
187 1947
186 1948
186 1949
183 1952
183 1953
181 1955
181 1956
180 1957
180 1958
179 1959
179 1960
177 1962
177 1963
175 1965
175 1966
174 1967
174 1968
173 1969
173 1971
172 1972
172 1975
171 1976
171 1977
170 1978
170 1979
168 1981
168 1989
167 1990
167 1991
166 1992
166 1994
165 1995
165 1997
167 1997
168 1998
168 1999
167 2000
167 2002
166 2003
166 2004
164 2006
164 2014
163 2015
162 2015
162 2025
161 2026
161 2036
160 2037
160 2040
159 2041
159 2042
160 2043
160 2044
159 2045
159 2058
158 2059
158 2061
157 2062
157 2066
156 2067
155 2066
155 2065
154 2066
154 2069
155 2069
156 2070
156 2071
155 2072
155 2078
157 2080
157 2081
156 2082
155 2082
155 2084
156 2083
157 2084
157 2085
155 2087
155 2089
154 2090
154 2102
153 2103
153 2108
154 2109
154 2110
153 2111
153 2132
154 2133
154 2137
155 2138
155 2140
156 2141
156 2144
157 2145
157 2147
158 2148
158 2152
159 2153
159 2157
160 2158
160 2162
161 2163
161 2167
162 2168
162 2174
163 2175
163 2218
162 2219
162 2225
163 2226
163 2228
164 2229
164 2230
166 2232
166 2250
167 2251
167 2261
168 2262
168 2266
167 2267
167 2268
168 2269
168 2278
169 2279
169 2285
170 2286
170 2296
171 2297
171 2304
172 2305
172 2310
173 2311
173 2315
174 2316
174 2320
175 2321
175 2323
176 2324
176 2327
177 2328
177 2330
178 2331
178 2334
179 2335
179 2340
180 2341
180 2343
181 2344
181 2347
182 2347
183 2348
183 2349
184 2350
184 2352
185 2353
185 2354
186 2355
186 2357
187 2358
187 2359
188 2360
188 2362
189 2363
189 2365
190 2366
190 2367
191 2368
191 2370
192 2371
192 2372
193 2373
193 2375
194 2376
194 2378
195 2379
195 2380
196 2381
196 2383
197 2384
197 2385
198 2386
198 2388
199 2389
199 2391
200 2392
200 2393
201 2394
201 2396
202 2397
202 2398
203 2399
1079 2399
1079 2156
1078 2155
1078 2154
1077 2153
1077 2152
1075 2150
1075 2149
1074 2148
1074 2147
1073 2146
1073 2145
1071 2143
1071 2142
1070 2141
1070 2140
1068 2138
1068 2137
1067 2136
1067 2135
1065 2133
1065 2132
1064 2131
1064 2130
1062 2128
1062 2127
1061 2126
1061 2125
1059 2123
1059 2122
1058 2121
1058 2120
1057 2119
1057 2118
1056 2117
1056 2116
1055 2115
1055 2114
1053 2112
1053 2111
1050 2108
1050 2107
1048 2105
1048 2104
1046 2102
1046 2101
1045 2100
1045 2099
1044 2098
1044 2097
1043 2096
1043 2095
1042 2094
1042 2093
1040 2091
1040 2090
1039 2089
1039 2088
1038 2087
1038 2086
1037 2085
1037 2084
1036 2083
1036 2082
1035 2081
1035 2080
1034 2079
1034 2078
1033 2077
1033 2076
1032 2075
1032 2074
1031 2073
1031 2072
1030 2071
1030 2070
1029 2069
1029 2068
1028 2067
1028 2066
1027 2065
1027 2064
1026 2063
1026 2062
1024 2060
1024 2059
1023 2058
1023 2057
1022 2056
1022 2055
1021 2054
1021 2053
1020 2052
1020 2051
1019 2050
1019 2049
1017 2047
1017 2046
1016 2045
1016 2044
1015 2043
1015 2042
1014 2041
1014 2040
1013 2039
1013 2038
1011 2036
1011 2035
1010 2034
1010 2033
1009 2032
1009 2031
1008 2030
1008 2029
1006 2027
1006 2026
1005 2025
1005 2024
1003 2022
1003 2021
1002 2020
1002 2019
999 2016
999 2015
992 2008
992 2007
989 2004
989 2003
988 2002
988 2000
984 1996
984 1995
981 1992
981 1991
980 1990
980 1989
978 1987
978 1986
977 1985
977 1984
976 1983
976 1982
975 1981
975 1979
974 1978
974 1977
973 1976
973 1975
972 1974
972 1973
971 1972
971 1971
970 1970
970 1969
969 1968
969 1967
968 1966
968 1964
967 1963
967 1962
966 1961
966 1960
965 1959
965 1958
964 1957
964 1956
963 1955
963 1954
962 1953
962 1952
961 1951
961 1950
960 1949
960 1948
959 1947
959 1946
957 1944
957 1943
953 1939
953 1938
950 1935
950 1934
949 1933
949 1932
948 1931
948 1930
947 1929
947 1927
946 1926
946 1925
945 1924
945 1923
944 1922
944 1921
943 1920
943 1918
942 1917
942 1916
941 1915
941 1914
940 1913
940 1912
939 1911
939 1910
938 1909
938 1907
937 1906
937 1905
936 1904
936 1902
935 1901
935 1899
934 1898
934 1895
933 1894
933 1892
932 1891
932 1880
931 1879
931 1875
930 1874
930 1872
929 1871
929 1867
930 1866
929 1865
929 1844
928 1843
928 1842
927 1841
927 1839
928 1838
928 1837
927 1836
927 1835
926 1834
926 1832
925 1831
925 1830
924 1829
924 1827
923 1826
923 1824
922 1823
922 1822
921 1821
921 1819
920 1818
920 1816
919 1815
919 1813
918 1812
918 1807
917 1806
917 1805
916 1804
916 1801
917 1800
917 1797
916 1796
916 1794
915 1793
915 1783
914 1782
914 1776
913 1775
913 1765
912 1764
912 1757
910 1755
910 1752
909 1751
909 1750
908 1749
908 1747
907 1746
907 1745
906 1744
906 1742
905 1741
905 1740
904 1739
904 1737
903 1736
903 1735
902 1734
902 1733
901 1732
901 1731
900 1730
900 1729
899 1728
899 1727
898 1726
898 1725
899 1724
901 1726
901 1727
902 1727
902 1726
901 1725
901 1724
900 1723
900 1722
899 1721
900 1720
900 1718
898 1716
898 1715
897 1714
897 1713
893 1709
893 1708
894 1707
896 1709
896 1707
895 1706
895 1705
894 1705
894 1707
893 1708
892 1707
892 1701
891 1700
891 1699
890 1698
890 1695
889 1694
889 1693
887 1691
887 1690
886 1689
886 1688
887 1687
887 1686
889 1684
888 1683
888 1682
884 1678
884 1677
882 1675
882 1674
880 1672
880 1667
879 1666
879 1665
878 1664
878 1663
877 1662
877 1661
876 1660
876 1659
875 1658
875 1657
874 1656
874 1653
873 1652
873 1650
872 1649
872 1647
871 1646
871 1644
870 1643
870 1642
869 1641
869 1640
868 1639
868 1636
867 1635
867 1633
866 1632
866 1631
865 1630
865 1629
864 1628
864 1627
863 1626
863 1624
864 1623
864 1621
863 1620
863 1619
862 1619
861 1618
861 1617
859 1615
859 1612
858 1611
858 1610
857 1609
857 1607
853 1603
853 1602
852 1601
852 1600
853 1599
855 1599
855 1598
856 1597
857 1598
857 1599
858 1599
859 1600
860 1600
861 1599
882 1599
882 1597
881 1596
881 1593
880 1592
880 1591
879 1590
879 1588
877 1586
877 1585
876 1584
876 1583
875 1582
875 1580
874 1580
873 1579
873 1577
871 1575
871 1573
870 1573
869 1572
869 1571
868 1570
868 1569
867 1568
867 1567
865 1565
865 1564
864 1564
858 1558
859 1557
859 1550
858 1549
859 1548
859 1547
860 1546
859 1545
859 1544
858 1543
858 1542
854 1538
854 1537
849 1532
849 1531
847 1529
847 1528
845 1526
845 1525
843 1523
843 1522
841 1520
841 1519
840 1518
840 1517
838 1515
838 1514
837 1513
837 1512
836 1511
836 1510
835 1509
835 1508
834 1507
834 1506
830 1506
827 1503
827 1502
826 1501
826 1500
825 1499
825 1495
823 1493
823 1490
822 1489
822 1488
821 1488
819 1490
817 1490
817 1491
816 1492
813 1489
814 1488
816 1488
817 1487
819 1487
820 1486
820 1485
819 1485
818 1484
818 1480
816 1478
816 1477
814 1475
814 1470
812 1468
812 1465
811 1464
811 1463
809 1461
809 1459
808 1458
808 1456
805 1453
805 1452
804 1451
804 1449
805 1448
805 1446
806 1445
805 1444
806 1443
806 1441
805 1440
805 1438
804 1437
804 1435
803 1434
803 1431
802 1430
802 1427
801 1426
801 1422
800 1421
800 1407
801 1406
801 1401
802 1400
802 1397
803 1396
803 1391
802 1390
802 1383
801 1382
801 1360
802 1359
802 1355
803 1354
803 1352
804 1351
804 1349
805 1348
805 1347
806 1346
806 1345
807 1344
807 1343
808 1342
808 1339
807 1338
807 1335
806 1334
806 1332
805 1331
805 1329
804 1328
804 1327
803 1326
803 1324
802 1323
802 1322
800 1320
800 1318
799 1317
799 1316
798 1315
798 1312
797 1311
797 1309
796 1308
796 1307
795 1306
795 1304
794 1303
794 1300
793 1299
793 1297
792 1296
792 1294
791 1293
791 1289
790 1288
790 1286
789 1285
789 1283
788 1282
788 1278
787 1277
787 1273
786 1272
786 1268
785 1267
772 1267
772 1269
771 1270
770 1269
770 1266
769 1266
765 1262
765 1260
764 1259
764 1257
763 1256
763 1254
762 1253
762 1250
761 1249
761 1247
760 1246
760 1244
759 1243
759 1241
758 1240
758 1237
757 1236
757 1234
756 1233
756 1231
760 1227
761 1227
764 1224
765 1224
767 1222
773 1222
774 1221
776 1221
779 1218
780 1218
783 1215
785 1215
785 1214
786 1213
787 1213
791 1209
791 1208
792 1207
791 1206
793 1204
793 1200
794 1199
795 1199
795 1197
798 1194
798 1193
801 1190
805 1190
806 1189
813 1189
814 1188
814 1187
815 1186
815 1185
816 1184
816 1183
817 1182
817 1181
819 1179
819 1177
821 1175
821 1173
823 1171
823 1169
824 1168
824 1166
825 1165
825 1162
826 1161
826 1158
827 1157
827 1155
829 1153
829 1151
830 1150
830 1147
831 1146
831 1145
832 1144
832 1139
833 1138
833 1132
834 1131
834 1129
835 1128
834 1127
842 1119
845 1119
846 1118
847 1118
849 1116
850 1116
851 1115
854 1115
856 1113
857 1113
859 1111
858 1110
857 1111
856 1111
855 1110
855 1109
853 1109
850 1106
851 1105
851 1104
850 1103
850 1102
849 1101
850 1100
850 1099
848 1097
848 1095
849 1094
850 1094
850 1090
851 1089
851 1087
850 1086
853 1083
854 1083
855 1082
857 1082
858 1081
859 1081
859 1080
860 1079
861 1080
861 1081
862 1081
863 1080
863 1079
866 1076
866 1075
867 1074
867 1072
869 1070
869 1069
870 1068
870 1067
869 1066
871 1064
871 1062
872 1061
872 1055
873 1054
873 1053
868 1053
867 1052
868 1051
870 1051
871 1050
872 1050
873 1049
873 1047
874 1046
874 1035
872 1035
871 1034
872 1033
872 1031
871 1031
870 1030
871 1029
869 1027
869 1024
868 1023
866 1023
865 1022
866 1021
867 1021
867 1012
866 1011
866 1009
865 1008
865 1005
864 1004
865 1003
864 1002
865 1001
865 999
864 998
864 997
866 995
864 993
865 992
866 992
866 989
869 986
869 985
870 984
870 982
871 981
871 980
872 979
872 977
871 977
870 976
872 974
872 972
870 972
869 973
867 973
866 972
867 971
867 968
868 967
868 966
870 964
870 962
871 961
871 959
870 959
867 962
866 961
866 959
867 958
867 957
868 956
868 954
867 955
866 954
866 953
867 952
867 946
866 946
865 947
864 947
863 946
867 942
867 940
865 940
864 939
865 938
865 936
864 936
863 935
864 934
863 933
860 933
859 932
860 931
861 931
861 930
862 929
862 928
861 928
860 929
859 928
859 927
860 926
859 927
858 927
857 928
856 928
855 927
856 926
855 926
854 925
854 924
855 923
855 922
854 923
853 923
852 922
852 921
855 918
855 917
856 916
856 915
855 915
854 914
854 908
853 907
853 906
852 906
851 905
851 904
852 903
851 902
851 901
850 900
851 899
850 898
850 893
849 893
848 892
848 888
849 887
849 884
848 883
848 881
847 880
848 879
848 877
849 876
849 873
850 872
850 868
851 867
851 865
850 866
849 866
848 865
850 863
850 860
851 859
851 858
852 857
851 857
850 856
851 855
851 854
852 853
852 851
853 850
853 845
854 844
854 837
853 836
853 833
852 832
852 829
851 828
851 824
850 823
850 817
849 816
849 814
848 813
848 811
847 810
847 806
846 806
845 805
845 804
846 803
846 798
845 797
845 792
846 791
846 790
844 788
845 787
845 783
844 782
844 772
843 771
843 765
842 764
842 760
841 759
841 752
840 751
840 743
839 742
839 739
838 738
838 734
837 733
837 730
836 729
836 727
835 726
835 724
834 723
834 722
833 721
833 719
832 718
832 715
831 714
831 711
830 710
830 709
829 708
829 705
828 704
828 702
827 701
827 700
826 699
826 698
825 697
825 696
824 695
824 694
822 692
822 691
821 690
821 689
820 688
820 687
819 686
819 685
818 684
818 682
817 681
817 680
816 679
816 678
815 677
815 676
814 675
814 673
813 672
813 671
812 670
812 669
811 668
811 666
809 664
809 663
806 660
806 659
793 646
788 646
787 645
787 646
786 647
785 646
784 646
783 645
777 645
776 644
775 644
774 645
770 645
769 644
768 644
767 643
766 644
765 644
763 642
761 642
760 641
759 641
758 640
757 640
756 639
755 639
753 637
752 637
746 631
746 630
744 628
744 627
743 626
742 626
742 627
741 628
741 630
740 631
740 633
739 634
739 639
738 640
738 648
737 649
737 653
736 654
736 662
735 663
735 664
738 664
739 665
742 665
743 666
745 666
746 667
747 667
748 668
749 668
750 669
751 669
757 675
757 676
759 678
759 679
760 680
760 682
761 683
761 688
762 689
762 694
761 695
761 701
760 702
760 709
761 710
761 711
760 712
760 716
761 717
761 731
762 732
762 736
761 737
761 738
760 739
760 742
759 743
759 746
758 747
758 751
757 752
757 753
756 754
756 757
755 758
755 760
754 761
754 763
753 764
753 765
752 766
752 769
751 770
751 771
750 772
750 774
749 775
748 774
748 773
747 772
749 770
749 769
750 768
749 767
749 766
749 769
748 770
748 771
747 772
746 772
746 774
747 775
747 776
745 778
745 779
742 782
742 784
743 785
743 786
742 787
741 787
741 788
739 790
739 792
738 793
738 795
737 796
737 798
736 799
736 800
735 801
737 799
738 800
738 801
737 802
737 805
736 806
736 807
735 808
735 809
734 810
734 811
732 813
732 814
731 815
731 816
730 817
730 818
729 819
729 820
727 822
727 824
726 825
726 826
724 828
724 829
723 830
723 831
722 832
722 833
721 834
721 842
719 844
719 846
718 847
718 848
717 849
717 850
714 853
714 854
712 856
712 857
710 859
710 860
709 861
709 862
707 864
707 865
705 867
705 868
703 870
703 871
701 873
701 874
699 876
699 877
697 879
697 880
695 882
695 883
692 886
692 887
689 890
689 891
686 894
686 895
680 901
680 902
679 903
678 903
676 905
675 905
673 907
672 907
666 913
665 913
660 918
659 918
656 921
655 921
652 924
651 924
647 928
647 929
646 930
646 931
639 938
638 938
636 940
635 940
632 943
630 943
629 942
628 942
627 941
624 941
623 940
621 940
619 938
614 938
613 939
612 939
611 940
610 940
609 941
607 941
606 942
602 942
601 941
595 941
594 940
589 940
588 939
583 939
582 938
579 938
578 937
577 937
576 936
574 936
573 935
567 935
566 934
565 934
564 935
563 934
552 934
551 933
543 933
542 932
531 932
530 933
493 933
492 934
478 934
477 933
475 933
474 932
471 932
470 931
468 931
467 930
464 930
463 929
455 929
454 930
449 930
448 929
445 929
442 926
441 926
440 925
440 919
439 918
439 917
438 916
438 915
437 914
437 913
436 912
436 911
437 910
437 903
436 902
436 900
435 899
435 898
434 897
434 893
435 892
435 887
438 884
438 882
437 881
437 872
436 871
436 865
435 864
435 858
434 857
434 854
433 853
433 851
432 850
432 848
430 846
430 844
429 843
429 840
428 839
428 836
427 835
427 829
426 828
426 823
425 822
425 817
424 816
424 808
423 807
423 795
422 795
421 794
421 791
420 790
420 786
419 785
419 781
418 780
418 777
417 776
417 773
416 772
416 768
415 767
415 764
414 763
414 759
413 758
413 754
412 753
412 750
411 749
411 745
410 744
410 741
409 740
409 736
408 735
408 731
407 730
407 726
406 725
406 715
407 714
407 705
408 704
408 698
409 697
409 691
410 690
410 684
411 683
411 678
412 677
412 673
413 672
413 667
414 666
414 661
415 660
415 656
416 655
416 650
417 649
417 645
418 644
418 639
419 638
419 634
420 633
420 627
421 626
423 626
424 627
425 626
425 623
426 622
426 612
425 611
425 606

